       1     0.000         0.0     0.000
       2     0.459        16.0     0.160
       3     1.038        14.0     0.160
       4     1.603        12.0     0.160
       5     2.181        16.0     0.160
       6     2.751        18.0     0.190
       7     3.325        16.0     0.210
       8     4.470        24.0     0.260
       9     5.046        22.0     0.290
      10     5.614        20.0     0.290
      11     6.188        32.0     0.370
      12     6.759        34.0     0.400
      13     7.328        30.0     0.400
      14     7.903        30.0     0.400
      15     8.472        50.0     0.500
      16     9.038        52.0     0.530
      17     9.594        48.0     0.530
      18    10.164        44.0     0.530
      19    10.718        60.0     0.570
      20    11.303        62.0     0.590
      21    11.848        58.0     0.590
      22    12.405        78.0     0.660
      23    12.962        80.0     0.690
      24    13.524        76.0     0.690
      25    14.097        90.0     0.720
      26    14.647        92.0     0.750
      27    15.211        94.0     0.750
      28    15.770       110.0     0.830
      29    16.332       110.0     0.850
      30    16.893       106.0     0.850
      31    17.453       116.0     0.870
      32    18.021       120.0     0.920
      33    18.578       114.0     0.940
      34    19.149       110.0     0.940
      35    19.710       128.0     1.050
      36    20.263       122.0     1.090
      37    20.828       118.0     1.090
      38    21.385       114.0     1.090
      39    21.946       116.0     1.090
      40    22.508       134.0     1.170
      41    23.075       130.0     1.190
      42    23.630       126.0     1.190
      43    24.195       128.0     1.190
      44    24.754       144.0     1.280
      45    25.316       144.0     1.310
      46    25.875       138.0     1.310
      47    26.439       142.0     1.310
      48    27.002       160.0     1.400
      49    27.561       160.0     1.430
      50    28.130       154.0     1.430
      51    28.684       150.0     1.430
      52    29.243       172.0     1.500
      53    29.806       170.0     1.520
      54    30.367       166.0     1.520
      55    30.930       170.0     1.530
      56    31.490       184.0     1.590
      57    32.058       184.0     1.610
      58    32.612       178.0     1.610
      59    33.176       198.0     1.690
      60    33.735       200.0     1.730
      61    34.295       194.0     1.730
      62    34.858       192.0     1.730
      63    35.418       216.0     1.820
      64    35.983       216.0     1.860
      65    36.542       208.0     1.860
      66    37.114       204.0     1.860
      67    37.662       210.0     1.860
      68    38.224       224.0     1.940
      69    38.786       222.0     1.960
      70    39.347       216.0     1.960
      71    39.909       222.0     1.970
      72    40.470       236.0     2.050
      73    41.037       232.0     2.080
      74    41.592       226.0     2.080
      75    42.159       232.0     2.090
      76    42.717       238.0     2.140
      77    43.279       236.0     2.160
      78    43.845       236.0     2.170
      79    44.402       244.0     2.220
      80    44.962       242.0     2.240
      81    45.524       238.0     2.240
      82    46.094       260.0     2.370
      83    46.648       256.0     2.410
      84    47.209       248.0     2.410
      85    47.768       242.0     2.410
      86    48.326       238.0     2.410
      87    48.889       256.0     2.460
      88    49.451       256.0     2.490
      89    50.013       248.0     2.490
      90    50.573       260.0     2.520
      91    51.150       258.0     2.550
      92    51.698       256.0     2.550
      93    52.256       266.0     2.610
      94    52.819       264.0     2.640
      95    53.378       256.0     2.640
      96    53.940       272.0     2.700
      97    54.497       270.0     2.730
      98    55.073       262.0     2.730
      99    55.624       272.0     2.770
     100    56.187       270.0     2.790
     101    56.744       270.0     2.800
     102    57.308       280.0     2.880
     103    57.868       278.0     2.910
     104    58.428       270.0     2.910
     105    58.990       268.0     2.910
     106    59.551       290.0     3.020
     107    60.120       286.0     3.060
     108    60.672       278.0     3.060
     109    61.232       272.0     3.060
     110    61.795       268.0     3.060
     111    62.358       292.0     3.150
     112    62.933       290.0     3.190
     113    63.475       280.0     3.190
     114    64.046       274.0     3.190
     115    64.598       280.0     3.190
     116    65.169       292.0     3.270
     117    65.720       290.0     3.290
     118    66.280       282.0     3.290
     119    66.841       288.0     3.310
     120    67.402       294.0     3.350
     121    67.963       292.0     3.360
     122    68.526       298.0     3.410
     123    69.100       296.0     3.430
     124    69.648       292.0     3.430
     125    70.212       308.0     3.540
     126    70.771       306.0     3.570
     127    71.332       298.0     3.570
     128    71.898       290.0     3.570
     129    72.467       302.0     3.600
     130    73.019       304.0     3.630
     131    73.574       300.0     3.640
     132    74.148       310.0     3.710
     133    74.699       310.0     3.740
     134    75.257       302.0     3.740
     135    75.827       302.0     3.740
     136    76.381       322.0     3.850
     137    76.942       322.0     3.890
     138    77.500       314.0     3.890
     139    78.066       306.0     3.890
     140    78.622       300.0     3.890
     141    79.186       322.0     3.970
     142    79.743       322.0     4.000
     143    80.304       314.0     4.000
     144    80.865       308.0     4.000
     145    81.428       322.0     4.050
     146    81.990       322.0     4.080
     147    82.547       314.0     4.080
     148    83.123       328.0     4.150
     149    83.672       328.0     4.180
     150    84.228       320.0     4.180
     151    84.790       324.0     4.190
     152    85.353       332.0     4.250
     153    85.914       330.0     4.280
     154    86.474       322.0     4.280
     155    87.041       332.0     4.320
     156    87.597       332.0     4.350
     157    88.162       328.0     4.360
     158    88.717       340.0     4.420
     159    89.278       338.0     4.450
     160    89.835       330.0     4.450
     161    90.401       338.0     4.490
     162    90.962       336.0     4.510
     163    91.524       334.0     4.510
     164    92.095       348.0     4.610
     165    92.646       348.0     4.650
     166    93.204       340.0     4.650
     167    93.767       332.0     4.650
     168    94.327       338.0     4.660
     169    94.890       348.0     4.730
     170    95.449       346.0     4.750
     171    96.010       340.0     4.750
     172    96.570       342.0     4.770
     173    97.140       350.0     4.830
     174    97.698       352.0     4.860
     175    98.254       346.0     4.860
     176    98.816       346.0     4.880
     177    99.379       358.0     4.960
     178    99.940       358.0     4.990
     179   100.499       352.0     4.990
     180   101.073       344.0     4.990
     181   101.620       358.0     5.070
     182   102.183       362.0     5.110
     183   102.741       356.0     5.110
     184   103.303       348.0     5.110
     185   103.866       356.0     5.140
     186   104.428       364.0     5.200
     187   104.988       362.0     5.220
     188   105.548       358.0     5.220
     189   106.116       358.0     5.240
     190   106.671       370.0     5.320
     191   107.230       370.0     5.350
     192   107.807       364.0     5.350
     193   108.352       356.0     5.350
     194   108.915       366.0     5.400
     195   109.477       368.0     5.430
     196   110.041       366.0     5.430
     197   110.598       376.0     5.520
     198   111.168       378.0     5.550
     199   111.722       372.0     5.550
     200   112.283       364.0     5.550
     201   112.846       374.0     5.610
     202   113.405       378.0     5.650
     203   113.965       372.0     5.650
     204   114.526       370.0     5.650
     205   115.100       384.0     5.750
     206   115.651       386.0     5.790
     207   116.209       380.0     5.790
     208   116.770       374.0     5.790
     209   117.332       372.0     5.790
     210   117.891       386.0     5.880
     211   118.452       388.0     5.920
     212   119.019       382.0     5.920
     213   119.575       374.0     5.920
     214   120.147       386.0     5.970
     215   120.699       390.0     6.010
     216   121.258       384.0     6.010
     217   121.820       378.0     6.010
     218   122.379       400.0     6.120
     219   122.942       400.0     6.170
     220   123.501       392.0     6.170
     221   124.071       384.0     6.170
     222   124.621       378.0     6.170
     223   125.185       392.0     6.210
     224   125.746       394.0     6.240
     225   126.307       390.0     6.240
     226   126.867       396.0     6.290
     227   127.430       396.0     6.320
     228   127.993       394.0     6.320
     229   128.554       402.0     6.390
     230   129.122       402.0     6.410
     231   129.672       398.0     6.410
     232   130.235       400.0     6.440
     233   130.799       408.0     6.500
     234   131.354       406.0     6.520
     235   131.917       400.0     6.520
     236   132.478       404.0     6.560
     237   133.070       408.0     6.590
     238   133.615       406.0     6.610
     239   134.169       408.0     6.650
     240   134.726       408.0     6.670
     241   135.288       408.0     6.690
     242   135.849       414.0     6.750
     243   136.407       412.0     6.770
     244   136.966       408.0     6.770
     245   137.529       412.0     6.800
     246   138.105       420.0     6.870
     247   138.653       418.0     6.890
     248   139.210       414.0     6.890
     249   139.787       410.0     6.900
     250   140.333       426.0     7.000
     251   140.896       426.0     7.030
     252   141.454       418.0     7.030
     253   142.019       410.0     7.030
     254   142.578       418.0     7.050
     255   143.148       426.0     7.120
     256   143.698       426.0     7.140
     257   144.261       418.0     7.140
     258   144.823       416.0     7.140
     259   145.386       440.0     7.280
     260   145.946       440.0     7.320
     261   146.505       430.0     7.320
     262   147.073       422.0     7.320
     263   147.625       414.0     7.320
     264   148.189       420.0     7.320
     265   148.749       436.0     7.410
     266   149.311       434.0     7.440
     267   149.869       428.0     7.440
     268   150.432       420.0     7.440
     269   150.994       440.0     7.520
     270   151.555       442.0     7.560
     271   152.126       434.0     7.560
     272   152.674       426.0     7.560
     273   153.235       430.0     7.570
     274   153.799       444.0     7.660
     275   154.361       442.0     7.680
     276   154.917       434.0     7.680
     277   155.478       432.0     7.680
     278   156.050       446.0     7.750
     279   156.605       446.0     7.780
     280   157.167       436.0     7.780
     281   157.725       442.0     7.810
     282   158.285       444.0     7.840
     283   158.849       442.0     7.850
     284   159.411       452.0     7.910
     285   159.972       450.0     7.940
     286   160.533       442.0     7.940
     287   161.106       452.0     7.990
     288   161.655       452.0     8.020
     289   162.213       442.0     8.020
     290   162.779       458.0     8.090
     291   163.338       456.0     8.120
     292   163.895       446.0     8.120
     293   164.458       448.0     8.120
     294   165.024       466.0     8.220
     295   165.582       464.0     8.250
     296   166.157       454.0     8.250
     297   166.699       446.0     8.250
     298   167.263       464.0     8.320
     299   167.824       464.0     8.350
     300   168.383       454.0     8.350
     301   168.944       448.0     8.350
     302   169.510       476.0     8.470
     303   170.079       476.0     8.510
     304   170.627       464.0     8.510
     305   171.190       454.0     8.510
     306   171.759       446.0     8.510
     307   172.310       466.0     8.560
     308   172.869       466.0     8.590
     309   173.432       458.0     8.590
     310   173.991       460.0     8.590
     311   174.554       478.0     8.700
     312   175.125       478.0     8.730
     313   175.676       466.0     8.730
     314   176.236       458.0     8.730
     315   176.798       470.0     8.760
     316   177.358       470.0     8.780
     317   177.921       468.0     8.790
     318   178.481       480.0     8.870
     319   179.052       478.0     8.890
     320   179.602       468.0     8.890
     321   180.172       476.0     8.920
     322   180.725       476.0     8.940
     323   181.287       480.0     8.980
     324   181.850       478.0     9.000
     325   182.412       478.0     9.010
     326   182.972       492.0     9.110
     327   183.534       490.0     9.130
     328   184.105       478.0     9.130
     329   184.653       470.0     9.130
     330   185.216       496.0     9.240
     331   185.779       496.0     9.270
     332   186.340       486.0     9.270
     333   186.900       476.0     9.270
     334   187.458       474.0     9.270
     335   188.027       494.0     9.340
     336   188.582       492.0     9.370
     337   189.153       482.0     9.370
     338   189.705       480.0     9.370
     339   190.266       498.0     9.460
     340   190.826       498.0     9.490
     341   191.388       486.0     9.490
     342   191.949       486.0     9.490
     343   192.509       504.0     9.580
     344   193.080       502.0     9.610
     345   193.633       492.0     9.610
     346   194.218       484.0     9.610
     347   194.775       502.0     9.660
     348   195.312       502.0     9.700
     349   195.876       492.0     9.700
     350   196.437       494.0     9.700
     351   196.999       514.0     9.810
     352   197.558       512.0     9.840
     353   198.126       500.0     9.840
     354   198.677       492.0     9.840
     355   199.238       502.0     9.860
     356   199.799       506.0     9.900
     357   200.361       502.0     9.910
     358   200.925       504.0     9.940
     359   201.486       510.0     9.980
     360   202.052       506.0     9.990
     361   202.610       512.0    10.030
     362   203.177       512.0    10.060
     363   203.737       510.0    10.070
     364   204.295       520.0    10.140
     365   204.854       518.0    10.160
     366   205.413       506.0    10.160
     367   205.977       518.0    10.210
     368   206.534       518.0    10.240
     369   207.111       510.0    10.240
     370   207.660       526.0    10.310
     371   208.220       524.0    10.340
     372   208.781       512.0    10.340
     373   209.342       514.0    10.340
     374   209.902       532.0    10.440
     375   210.464       530.0    10.470
     376   211.030       518.0    10.470
     377   211.582       510.0    10.470
     378   212.153       528.0    10.530
     379   212.706       528.0    10.570
     380   213.267       518.0    10.570
     381   213.825       520.0    10.570
     382   214.391       532.0    10.640
     383   214.950       530.0    10.670
     384   215.508       520.0    10.670
     385   216.079       524.0    10.680
     386   216.634       536.0    10.760
     387   217.195       534.0    10.780
     388   217.754       524.0    10.780
     389   218.313       528.0    10.790
     390   218.876       542.0    10.870
     391   219.436       540.0    10.900
     392   219.999       528.0    10.900
     393   220.556       524.0    10.900
     394   221.134       548.0    11.000
     395   221.680       548.0    11.040
     396   222.241       536.0    11.040
     397   222.801       528.0    11.040
     398   223.363       534.0    11.040
     399   223.924       548.0    11.120
     400   224.485       546.0    11.140
     401   225.052       534.0    11.140
     402   225.606       538.0    11.160
     403   226.178       546.0    11.210
     404   226.732       542.0    11.220
     405   227.291       540.0    11.230
     406   227.856       556.0    11.320
     407   228.415       554.0    11.350
     408   228.974       542.0    11.350
     409   229.535       534.0    11.350
     410   230.104       562.0    11.450
     411   230.658       562.0    11.490
     412   231.217       550.0    11.490
     413   231.778       540.0    11.490
     414   232.339       540.0    11.490
     415   232.901       560.0    11.560
     416   233.463       558.0    11.590
     417   234.029       546.0    11.590
     418   234.582       546.0    11.590
     419   235.158       572.0    11.710
     420   235.711       570.0    11.750
     421   236.266       558.0    11.750
     422   236.828       548.0    11.750
     423   237.388       540.0    11.750
     424   237.948       560.0    11.800
     425   238.513       560.0    11.820
     426   239.081       550.0    11.820
     427   239.633       566.0    11.890
     428   240.196       566.0    11.920
     429   240.754       554.0    11.920
     430   241.318       556.0    11.920
     431   241.881       578.0    12.030
     432   242.439       576.0    12.060
     433   243.001       564.0    12.060
     434   243.559       554.0    12.060
     435   244.130       566.0    12.090
     436   244.683       566.0    12.110
     437   245.243       562.0    12.120
     438   245.805       576.0    12.200
     439   246.366       576.0    12.220
     440   246.926       564.0    12.220
     441   247.490       570.0    12.240
     442   248.055       578.0    12.300
     443   248.613       576.0    12.310
     444   249.177       568.0    12.310
     445   249.736       584.0    12.400
     446   250.295       584.0    12.420
     447   250.854       574.0    12.420
     448   251.417       566.0    12.420
     449   251.976       594.0    12.540
     450   252.540       596.0    12.580
     451   253.115       584.0    12.580
     452   253.658       574.0    12.580
     453   254.220       566.0    12.580
     454   254.784       586.0    12.640
     455   255.342       588.0    12.660
     456   255.914       580.0    12.660
     457   256.466       576.0    12.670
     458   257.039       596.0    12.770
     459   257.588       596.0    12.800
     460   258.163       588.0    12.800
     461   258.710       578.0    12.800
     462   259.292       584.0    12.820
     463   259.847       596.0    12.900
     464   260.391       596.0    12.920
     465   260.953       588.0    12.920
     466   261.514       580.0    12.920
     467   262.089       604.0    13.030
     468   262.636       606.0    13.070
     469   263.198       596.0    13.070
     470   263.764       588.0    13.070
     471   264.317       578.0    13.070
     472   264.887       594.0    13.120
     473   265.439       596.0    13.150
     474   266.002       590.0    13.150
     475   266.563       594.0    13.190
     476   267.138       598.0    13.230
     477   267.689       596.0    13.240
     478   268.246       596.0    13.270
     479   268.810       600.0    13.310
     480   269.368       596.0    13.320
     481   269.932       602.0    13.370
     482   270.493       602.0    13.390
     483   271.063       596.0    13.390
     484   271.615       614.0    13.490
     485   272.179       614.0    13.520
     486   272.738       606.0    13.520
     487   273.297       596.0    13.520
     488   273.860       600.0    13.550
     489   274.422       606.0    13.590
     490   274.984       604.0    13.600
     491   275.544       606.0    13.640
     492   276.118       606.0    13.660
     493   276.665       606.0    13.690
     494   277.230       608.0    13.720
     495   277.791       608.0    13.740
     496   278.355       614.0    13.780
     497   278.912       612.0    13.800
     498   279.475       612.0    13.830
     499   280.047       614.0    13.860
     500   280.600       614.0    13.880
     501   281.170       616.0    13.920
     502   281.723       614.0    13.940
     503   282.286       614.0    13.960
     504   282.849       622.0    14.020
     505   283.408       622.0    14.040
     506   283.969       614.0    14.040
     507   284.532       618.0    14.080
     508   285.106       622.0    14.120
     509   285.653       620.0    14.130
     510   286.215       620.0    14.170
     511   286.780       620.0    14.180
     512   287.339       628.0    14.250
     513   287.902       626.0    14.270
     514   288.463       620.0    14.270
     515   289.031       616.0    14.280
     516   289.587       640.0    14.400
     517   290.157       640.0    14.430
     518   290.704       630.0    14.430
     519   291.266       622.0    14.430
     520   291.833       612.0    14.430
     521   292.389       624.0    14.480
     522   292.952       628.0    14.510
     523   293.510       622.0    14.510
     524   294.080       630.0    14.570
     525   294.634       630.0    14.600
     526   295.197       624.0    14.600
     527   295.758       624.0    14.620
     528   296.319       642.0    14.720
     529   296.877       640.0    14.740
     530   297.438       632.0    14.740
     531   297.999       624.0    14.740
     532   298.562       622.0    14.750
     533   299.138       648.0    14.870
     534   299.685       646.0    14.910
     535   300.258       636.0    14.910
     536   300.805       630.0    14.910
     537   301.365       620.0    14.910
     538   301.926       624.0    14.930
     539   302.490       640.0    15.000
     540   303.062       638.0    15.030
     541   303.610       630.0    15.030
     542   304.174       624.0    15.030
     543   304.733       642.0    15.110
     544   305.293       642.0    15.140
     545   305.853       634.0    15.140
     546   306.416       628.0    15.140
     547   306.976       646.0    15.230
     548   307.537       648.0    15.260
     549   308.106       640.0    15.260
     550   308.658       632.0    15.260
     551   309.220       636.0    15.300
     552   309.781       642.0    15.340
     553   310.342       640.0    15.360
     554   310.903       634.0    15.360
     555   311.466       658.0    15.480
     556   312.033       656.0    15.520
     557   312.588       648.0    15.520
     558   313.157       640.0    15.520
     559   313.707       630.0    15.520
     560   314.270       636.0    15.540
     561   314.832       652.0    15.620
     562   315.395       650.0    15.640
     563   315.952       642.0    15.640
     564   316.513       636.0    15.640
     565   317.090       652.0    15.730
     566   317.633       656.0    15.760
     567   318.197       648.0    15.760
     568   318.754       640.0    15.760
     569   319.320       644.0    15.800
     570   319.880       650.0    15.840
     571   320.460       648.0    15.850
     572   321.006       650.0    15.890
     573   321.565       650.0    15.910
     574   322.140       650.0    15.940
     575   322.688       652.0    15.970
     576   323.250       652.0    16.000
     577   323.823       650.0    16.010
     578   324.373       662.0    16.090
     579   324.932       660.0    16.110
     580   325.491       652.0    16.110
     581   326.057       646.0    16.110
     582   326.616       666.0    16.210
     583   327.180       666.0    16.250
     584   327.737       658.0    16.250
     585   328.297       648.0    16.250
     586   328.858       646.0    16.250
     587   329.419       672.0    16.370
     588   329.978       672.0    16.400
     589   330.540       662.0    16.400
     590   331.107       650.0    16.400
     591   331.659       640.0    16.400
     592   332.220       658.0    16.460
     593   332.780       662.0    16.490
     594   333.341       654.0    16.490
     595   333.902       652.0    16.500
     596   334.463       676.0    16.620
     597   335.027       674.0    16.650
     598   335.582       664.0    16.650
     599   336.158       652.0    16.650
     600   336.704       644.0    16.650
     601   337.265       676.0    16.760
     602   337.826       676.0    16.790
     603   338.385       666.0    16.790
     604   338.945       654.0    16.790
     605   339.505       646.0    16.790
     606   340.082       666.0    16.850
     607   340.629       668.0    16.880
     608   341.189       660.0    16.880
     609   341.753       656.0    16.890
     610   342.311       678.0    16.990
     611   342.873       678.0    17.020
     612   343.434       666.0    17.020
     613   343.992       656.0    17.020
     614   344.554       664.0    17.050
     615   345.126       668.0    17.080
     616   345.675       666.0    17.100
     617   346.241       670.0    17.140
     618   346.801       668.0    17.160
     619   347.362       668.0    17.180
     620   347.924       676.0    17.230
     621   348.483       674.0    17.250
     622   349.052       666.0    17.250
     623   349.609       686.0    17.350
     624   350.172       684.0    17.380
     625   350.730       674.0    17.380
     626   351.287       662.0    17.380
     627   351.850       672.0    17.410
     628   352.413       676.0    17.450
     629   352.974       672.0    17.460
     630   353.536       674.0    17.490
     631   354.110       680.0    17.540
     632   354.658       678.0    17.560
     633   355.219       670.0    17.560
     634   355.797       682.0    17.630
     635   356.342       684.0    17.660
     636   356.904       676.0    17.660
     637   357.462       668.0    17.660
     638   358.029       698.0    17.790
     639   358.585       698.0    17.830
     640   359.153       686.0    17.830
     641   359.705       674.0    17.830
     642   360.263       662.0    17.830
     643   360.828       678.0    17.870
     644   361.389       680.0    17.900
     645   361.947       672.0    17.900
     646   362.510       676.0    17.930
     647   363.079       688.0    17.990
     648   363.634       684.0    18.020
     649   364.196       674.0    18.020
     650   364.756       680.0    18.050
     651   365.318       684.0    18.090
     652   365.878       680.0    18.100
     653   366.441       680.0    18.130
     654   367.004       684.0    18.170
     655   367.562       682.0    18.180
     656   368.135       686.0    18.230
     657   368.686       684.0    18.250
     658   369.245       678.0    18.250
     659   369.810       698.0    18.350
     660   370.369       696.0    18.380
     661   370.930       682.0    18.380
     662   371.491       670.0    18.380
     663   372.059       684.0    18.420
     664   372.613       684.0    18.450
     665   373.177       678.0    18.450
     666   373.737       690.0    18.520
     667   374.295       690.0    18.540
     668   374.857       676.0    18.540
     669   375.420       694.0    18.610
     670   375.980       692.0    18.640
     671   376.536       678.0    18.640
     672   377.112       680.0    18.650
     673   377.661       694.0    18.720
     674   378.224       690.0    18.740
     675   378.784       676.0    18.740
     676   379.344       690.0    18.780
     677   379.907       690.0    18.810
     678   380.467       682.0    18.810
     679   381.033       698.0    18.890
     680   381.611       696.0    18.920
     681   382.158       682.0    18.920
     682   382.712       680.0    18.920
     683   383.274       700.0    19.010
     684   383.835       698.0    19.040
     685   384.395       684.0    19.040
     686   384.955       674.0    19.040
     687   385.519       698.0    19.110
     688   386.086       696.0    19.140
     689   386.637       682.0    19.140
     690   387.198       684.0    19.150
     691   387.774       698.0    19.220
     692   388.320       696.0    19.240
     693   388.880       682.0    19.240
     694   389.442       694.0    19.280
     695   390.006       694.0    19.310
     696   390.567       688.0    19.310
     697   391.148       702.0    19.390
     698   391.688       702.0    19.430
     699   392.247       688.0    19.430
     700   392.808       684.0    19.430
     701   393.370       708.0    19.520
     702   393.932       704.0    19.550
     703   394.491       690.0    19.550
     704   395.062       678.0    19.550
     705   395.614       698.0    19.600
     706   396.180       698.0    19.630
     707   396.748       684.0    19.630
     708   397.295       696.0    19.670
     709   397.857       696.0    19.690
     710   398.419       692.0    19.700
     711   398.982       708.0    19.790
     712   399.540       706.0    19.820
     713   400.113       690.0    19.820
     714   400.659       686.0    19.820
     715   401.223       708.0    19.900
     716   401.784       706.0    19.930
     717   402.341       690.0    19.930
     718   402.906       688.0    19.930
     719   403.467       710.0    20.020
     720   404.033       708.0    20.040
     721   404.588       694.0    20.040
     722   405.155       682.0    20.040
     723   405.709       706.0    20.110
     724   406.272       706.0    20.140
     725   406.832       690.0    20.140
     726   407.392       692.0    20.140
     727   407.955       716.0    20.250
     728   408.518       712.0    20.280
     729   409.084       698.0    20.280
     730   409.636       686.0    20.280
     731   410.199       698.0    20.300
     732   410.760       702.0    20.340
     733   411.322       698.0    20.350
     734   411.882       698.0    20.370
     735   412.447       714.0    20.450
     736   413.009       710.0    20.470
     737   413.564       696.0    20.470
     738   414.144       700.0    20.480
     739   414.691       716.0    20.560
     740   415.251       712.0    20.590
     741   415.811       698.0    20.590
     742   416.372       690.0    20.590
     743   416.934       720.0    20.690
     744   417.494       718.0    20.730
     745   418.067       702.0    20.730
     746   418.616       690.0    20.730
     747   419.182       708.0    20.770
     748   419.750       706.0    20.790
     749   420.299       692.0    20.790
     750   420.861       712.0    20.860
     751   421.419       710.0    20.880
     752   421.982       696.0    20.880
     753   422.543       708.0    20.920
     754   423.114       706.0    20.940
     755   423.663       702.0    20.950
     756   424.228       718.0    21.030
     757   424.787       714.0    21.060
     758   425.347       700.0    21.060
     759   425.910       694.0    21.060
     760   426.472       726.0    21.170
     761   427.035       724.0    21.210
     762   427.591       708.0    21.210
     763   428.163       694.0    21.210
     764   428.715       690.0    21.210
     765   429.278       722.0    21.300
     766   429.839       720.0    21.340
     767   430.399       704.0    21.340
     768   430.957       692.0    21.340
     769   431.520       698.0    21.340
     770   432.096       716.0    21.420
     771   432.643       714.0    21.450
     772   433.203       700.0    21.450
     773   433.765       692.0    21.450
     774   434.327       724.0    21.550
     775   434.887       720.0    21.580
     776   435.448       706.0    21.580
     777   436.011       694.0    21.580
     778   436.568       710.0    21.630
     779   437.140       708.0    21.650
     780   437.690       696.0    21.650
     781   438.250       716.0    21.710
     782   438.815       712.0    21.740
     783   439.372       698.0    21.740
     784   439.935       710.0    21.780
     785   440.495       708.0    21.800
     786   441.065       706.0    21.810
     787   441.619       720.0    21.890
     788   442.199       716.0    21.910
     789   442.772       702.0    21.910
     790   443.305       708.0    21.940
     791   443.871       710.0    21.970
     792   444.425       708.0    21.980
     793   444.991       718.0    22.040
     794   445.549       716.0    22.070
     795   446.123       702.0    22.070
     796   446.672       716.0    22.120
     797   447.235       714.0    22.140
     798   447.794       702.0    22.140
     799   448.358       722.0    22.230
     800   448.916       720.0    22.250
     801   449.479       708.0    22.250
     802   450.049       698.0    22.250
     803   450.600       728.0    22.370
     804   451.167       728.0    22.400
     805   451.728       714.0    22.400
     806   452.282       700.0    22.400
     807   452.844       692.0    22.400
     808   453.406       724.0    22.500
     809   453.965       724.0    22.530
     810   454.526       712.0    22.530
     811   455.098       698.0    22.530
     812   455.649       694.0    22.530
     813   456.209       726.0    22.640
     814   456.771       726.0    22.680
     815   457.335       714.0    22.680
     816   457.892       700.0    22.680
     817   458.454       694.0    22.680
     818   459.019       724.0    22.780
     819   459.577       724.0    22.810
     820   460.152       716.0    22.810
     821   460.698       702.0    22.810
     822   461.258       694.0    22.810
     823   461.823       722.0    22.900
     824   462.389       724.0    22.930
     825   462.942       714.0    22.930
     826   463.502       702.0    22.930
     827   464.077       712.0    22.970
     828   464.627       714.0    23.000
     829   465.188       708.0    23.010
     830   465.750       716.0    23.050
     831   466.312       716.0    23.080
     832   466.874       712.0    23.090
     833   467.438       724.0    23.150
     834   467.997       722.0    23.170
     835   468.556       714.0    23.170
     836   469.127       724.0    23.230
     837   469.681       722.0    23.260
     838   470.241       714.0    23.260
     839   470.804       716.0    23.290
     840   471.365       724.0    23.350
     841   471.924       722.0    23.360
     842   472.489       714.0    23.360
     843   473.057       732.0    23.450
     844   473.611       732.0    23.480
     845   474.176       722.0    23.480
     846   474.731       712.0    23.480
     847   475.293       716.0    23.510
     848   475.860       730.0    23.580
     849   476.417       726.0    23.600
     850   476.979       718.0    23.600
     851   477.537       712.0    23.600
     852   478.116       746.0    23.750
     853   478.661       744.0    23.790
     854   479.222       732.0    23.790
     855   479.780       722.0    23.790
     856   480.340       708.0    23.790
     857   480.904       698.0    23.790
     858   481.462       724.0    23.860
     859   482.033       728.0    23.890
     860   482.587       718.0    23.890
     861   483.154       712.0    23.890
     862   483.713       722.0    23.950
     863   484.271       724.0    23.980
     864   484.833       716.0    23.980
     865   485.395       720.0    24.010
     866   485.955       734.0    24.080
     867   486.515       730.0    24.100
     868   487.084       722.0    24.100
     869   487.637       716.0    24.100
     870   488.202       750.0    24.240
     871   488.763       748.0    24.280
     872   489.323       736.0    24.280
     873   489.882       726.0    24.280
     874   490.442       714.0    24.280
     875   491.006       708.0    24.280
     876   491.568       734.0    24.370
     877   492.134       738.0    24.400
     878   492.688       728.0    24.400
     879   493.247       720.0    24.400
     880   493.811       716.0    24.410
     881   494.371       746.0    24.530
     882   494.933       746.0    24.570
     883   495.493       736.0    24.570
     884   496.062       726.0    24.570
     885   496.615       716.0    24.570
     886   497.179       722.0    24.590
     887   497.738       738.0    24.660
     888   498.299       736.0    24.690
     889   498.862       728.0    24.690
     890   499.421       722.0    24.690
     891   499.984       740.0    24.770
     892   500.544       740.0    24.800
     893   501.113       732.0    24.800
     894   501.666       724.0    24.800
     895   502.228       746.0    24.890
     896   502.785       746.0    24.920
     897   503.372       736.0    24.920
     898   503.920       730.0    24.920
     899   504.472       734.0    24.960
     900   505.041       742.0    25.010
     901   505.595       738.0    25.020
     902   506.161       730.0    25.020
     903   506.723       758.0    25.140
     904   507.281       758.0    25.170
     905   507.846       746.0    25.170
     906   508.400       738.0    25.170
     907   508.962       726.0    25.170
     908   509.523       734.0    25.200
     909   510.092       752.0    25.290
     910   510.646       750.0    25.310
     911   511.203       742.0    25.310
     912   511.766       734.0    25.310
     913   512.327       738.0    25.340
     914   512.893       754.0    25.420
     915   513.453       752.0    25.440
     916   514.017       742.0    25.440
     917   514.573       736.0    25.440
     918   515.152       754.0    25.520
     919   515.699       758.0    25.560
     920   516.257       748.0    25.560
     921   516.820       740.0    25.560
     922   517.382       744.0    25.600
     923   517.944       750.0    25.630
     924   518.504       750.0    25.660
     925   519.080       748.0    25.680
     926   519.630       752.0    25.720
     927   520.193       750.0    25.730
     928   520.752       758.0    25.790
     929   521.312       756.0    25.810
     930   521.874       748.0    25.810
     931   522.436       754.0    25.860
     932   523.000       754.0    25.880
     933   523.560       750.0    25.900
     934   524.133       758.0    25.950
     935   524.682       758.0    25.970
     936   525.243       750.0    25.970
     937   525.808       768.0    26.060
     938   526.366       768.0    26.090
     939   526.927       758.0    26.090
     940   527.487       750.0    26.090
     941   528.060       752.0    26.120
     942   528.612       768.0    26.190
     943   529.174       766.0    26.210
     944   529.730       756.0    26.210
     945   530.292       750.0    26.220
     946   530.856       776.0    26.320
     947   531.415       774.0    26.350
     948   531.975       764.0    26.350
     949   532.537       752.0    26.350
     950   533.113       744.0    26.350
     951   533.659       782.0    26.480
     952   534.221       782.0    26.520
     953   534.782       770.0    26.520
     954   535.342       758.0    26.520
     955   535.904       746.0    26.520
     956   536.463       762.0    26.560
     957   537.032       764.0    26.590
     958   537.582       756.0    26.590
     959   538.153       762.0    26.630
     960   538.709       766.0    26.660
     961   539.270       766.0    26.680
     962   539.842       768.0    26.720
     963   540.396       768.0    26.740
     964   540.954       766.0    26.760
     965   541.520       776.0    26.820
     966   542.093       774.0    26.840
     967   542.640       766.0    26.840
     968   543.202       770.0    26.880
     969   543.765       776.0    26.910
     970   544.325       774.0    26.940
     971   544.887       770.0    26.950
     972   545.448       784.0    27.020
     973   546.013       782.0    27.040
     974   546.570       774.0    27.040
     975   547.143       772.0    27.060
     976   547.699       792.0    27.150
     977   548.255       790.0    27.180
     978   548.817       780.0    27.180
     979   549.374       768.0    27.180
     980   549.939       778.0    27.220
     981   550.500       780.0    27.250
     982   551.075       776.0    27.250
     983   551.624       794.0    27.340
     984   552.188       792.0    27.370
     985   552.744       784.0    27.370
     986   553.305       770.0    27.370
     987   553.866       788.0    27.430
     988   554.428       790.0    27.460
     989   554.988       782.0    27.460
     990   555.549       776.0    27.460
     991   556.119       814.0    27.610
     992   556.672       814.0    27.650
     993   557.229       800.0    27.650
     994   557.794       786.0    27.650
     995   558.353       774.0    27.650
     996   558.915       768.0    27.650
     997   559.476       806.0    27.750
     998   560.043       808.0    27.790
     999   560.598       796.0    27.790
    1000   561.164       784.0    27.790
    1001   561.717       772.0    27.790
    1002   562.281       802.0    27.860
    1003   562.842       804.0    27.900
    1004   563.400       792.0    27.900
    1005   563.964       782.0    27.900
    1006   564.555       800.0    27.950
    1007   565.097       802.0    27.980
    1008   565.647       794.0    27.980
    1009   566.208       798.0    28.010
    1010   566.772       810.0    28.080
    1011   567.330       808.0    28.100
    1012   567.892       796.0    28.100
    1013   568.454       802.0    28.130
    1014   569.016       808.0    28.160
    1015   569.577       806.0    28.180
    1016   570.157       810.0    28.220
    1017   570.699       808.0    28.240
    1018   571.262       808.0    28.260
    1019   571.831       818.0    28.320
    1020   572.385       814.0    28.340
    1021   572.947       804.0    28.340
    1022   573.508       812.0    28.380
    1023   574.084       818.0    28.420
    1024   574.631       812.0    28.430
    1025   575.193       816.0    28.460
    1026   575.755       820.0    28.500
    1027   576.316       818.0    28.510
    1028   576.880       826.0    28.560
    1029   577.440       822.0    28.580
    1030   578.001       812.0    28.580
    1031   578.565       840.0    28.690
    1032   579.132       838.0    28.720
    1033   579.689       822.0    28.720
    1034   580.243       810.0    28.720
    1035   580.807       826.0    28.750
    1036   581.367       826.0    28.780
    1037   581.927       820.0    28.780
    1038   582.490       838.0    28.850
    1039   583.054       836.0    28.880
    1040   583.610       820.0    28.880
    1041   584.176       832.0    28.910
    1042   584.741       836.0    28.940
    1043   585.293       832.0    28.960
    1044   585.857       836.0    28.990
    1045   586.419       840.0    29.030
    1046   586.978       836.0    29.040
    1047   587.541       840.0    29.080
    1048   588.116       840.0    29.100
    1049   588.667       844.0    29.130
    1050   589.228       846.0    29.170
    1051   589.789       842.0    29.180
    1052   590.352       844.0    29.210
    1053   590.912       852.0    29.260
    1054   591.472       848.0    29.280
    1055   592.041       844.0    29.280
    1056   592.599       864.0    29.380
    1057   593.163       862.0    29.400
    1058   593.718       848.0    29.400
    1059   594.277       838.0    29.400
    1060   594.839       862.0    29.470
    1061   595.402       862.0    29.500
    1062   595.960       848.0    29.500
    1063   596.524       848.0    29.500
    1064   597.097       874.0    29.600
    1065   597.645       874.0    29.640
    1066   598.206       858.0    29.640
    1067   598.767       846.0    29.640
    1068   599.327       860.0    29.660
    1069   599.892       864.0    29.690
    1070   600.453       862.0    29.710
    1071   601.020       868.0    29.750
    1072   601.574       866.0    29.770
    1073   602.144       866.0    29.790
    1074   602.699       878.0    29.840
    1075   603.261       874.0    29.860
    1076   603.829       864.0    29.860
    1077   604.384       894.0    29.960
    1078   604.945       892.0    29.990
    1079   605.505       876.0    29.990
    1080   606.074       862.0    29.990
    1081   606.629       892.0    30.060
    1082   607.193       892.0    30.090
    1083   607.748       878.0    30.090
    1084   608.309       866.0    30.090
    1085   608.874       918.0    30.220
    1086   609.431       916.0    30.260
    1087   609.994       898.0    30.260
    1088   610.553       882.0    30.260
    1089   611.127       870.0    30.260
    1090   611.681       888.0    30.280
    1091   612.239       890.0    30.300
    1092   612.801       886.0    30.310
    1093   613.364       906.0    30.390
    1094   613.922       904.0    30.410
    1095   614.484       890.0    30.410
    1096   615.053       900.0    30.440
    1097   615.607       902.0    30.470
    1098   616.176       898.0    30.480
    1099   616.731       914.0    30.540
    1100   617.292       912.0    30.560
    1101   617.855       896.0    30.560
    1102   618.415       932.0    30.660
    1103   618.975       930.0    30.690
    1104   619.535       914.0    30.690
    1105   620.104       900.0    30.690
    1106   620.658       924.0    30.740
    1107   621.217       922.0    30.760
    1108   621.778       906.0    30.760
    1109   622.341       934.0    30.830
    1110   622.904       932.0    30.860
    1111   623.462       916.0    30.860
    1112   624.030       932.0    30.900
    1113   624.586       932.0    30.920
    1114   625.157       916.0    30.920
    1115   625.729       954.0    31.020
    1116   626.268       954.0    31.060
    1117   626.830       936.0    31.060
    1118   627.391       922.0    31.060
    1119   627.953       932.0    31.070
    1120   628.517       944.0    31.120
    1121   629.084       940.0    31.130
    1122   629.640       938.0    31.140
    1123   630.200       964.0    31.240
    1124   630.771       960.0    31.260
    1125   631.322       944.0    31.260
    1126   631.883       932.0    31.260
    1127   632.448       964.0    31.330
    1128   633.009       964.0    31.360
    1129   633.568       946.0    31.360
    1130   634.147       948.0    31.370
    1131   634.692       970.0    31.440
    1132   635.253       966.0    31.460
    1133   635.826       950.0    31.460
    1134   636.376       968.0    31.500
    1135   636.938       968.0    31.530
    1136   637.501       960.0    31.530
    1137   638.074       984.0    31.610
    1138   638.622       982.0    31.640
    1139   639.183       964.0    31.640
    1140   639.742       964.0    31.640
    1141   640.307       996.0    31.730
    1142   640.866       992.0    31.760
    1143   641.428       974.0    31.760
    1144   641.991       962.0    31.760
    1145   642.553     1012.0    31.870
    1146   643.126     1010.0    31.910
    1147   643.678       990.0    31.910
    1148   644.234       974.0    31.910
    1149   644.795       964.0    31.910
    1150   645.358     1014.0    32.000
    1151   645.917     1014.0    32.030
    1152   646.478       994.0    32.030
    1153   647.044       980.0    32.030
    1154   647.601       994.0    32.050
    1155   648.166       998.0    32.080
    1156   648.726       994.0    32.090
    1157   649.283     1014.0    32.160
    1158   649.845     1012.0    32.180
    1159   650.407       994.0    32.180
    1160   650.964     1020.0    32.240
    1161   651.527     1018.0    32.260
    1162   652.099     1000.0    32.260
    1163   652.650     1030.0    32.320
    1164   653.210     1026.0    32.350
    1165   653.771     1010.0    32.350
    1166   654.331     1028.0    32.390
    1167   654.893     1026.0    32.410
    1168   655.453     1022.0    32.420
    1169   656.017     1048.0    32.500
    1170   656.576     1044.0    32.530
    1171   657.146     1028.0    32.530
    1172   657.695     1020.0    32.530
    1173   658.256     1054.0    32.610
    1174   658.821     1052.0    32.640
    1175   659.380     1036.0    32.640
    1176   659.939     1026.0    32.640
    1177   660.500     1080.0    32.760
    1178   661.067     1076.0    32.800
    1179   661.621     1058.0    32.800
    1180   662.182     1042.0    32.800
    1181   662.741     1030.0    32.800
    1182   663.302     1052.0    32.830
    1183   663.864     1056.0    32.860
    1184   664.425     1050.0    32.870
    1185   664.991     1066.0    32.920
    1186   665.548     1064.0    32.940
    1187   666.124     1054.0    32.940
    1188   666.670     1094.0    33.040
    1189   667.231     1092.0    33.080
    1190   667.804     1074.0    33.080
    1191   668.352     1060.0    33.080
    1192   668.913     1056.0    33.080
    1193   669.474     1104.0    33.180
    1194   670.039     1100.0    33.210
    1195   670.595     1084.0    33.210
    1196   671.162     1070.0    33.210
    1197   671.717     1086.0    33.240
    1198   672.280     1094.0    33.280
    1199   672.840     1090.0    33.290
    1200   673.402     1094.0    33.330
    1201   673.964     1094.0    33.340
    1202   674.526     1116.0    33.410
    1203   675.092     1110.0    33.430
    1204   675.648     1098.0    33.430
    1205   676.207     1096.0    33.440
    1206   676.769     1142.0    33.560
    1207   677.331     1138.0    33.590
    1208   677.892     1120.0    33.590
    1209   678.452     1108.0    33.590
    1210   679.015     1098.0    33.590
    1211   679.574     1134.0    33.660
    1212   680.152     1134.0    33.690
    1213   680.697     1118.0    33.690
    1214   681.256     1108.0    33.690
    1215   681.820     1150.0    33.780
    1216   682.378     1148.0    33.810
    1217   682.940     1130.0    33.810
    1218   683.497     1118.0    33.810
    1219   684.077     1158.0    33.890
    1220   684.621     1158.0    33.930
    1221   685.183     1140.0    33.930
    1222   685.742     1128.0    33.930
    1223   686.321     1152.0    33.970
    1224   686.882     1154.0    34.000
    1225   687.428     1146.0    34.010
    1226   687.990     1176.0    34.090
    1227   688.549     1174.0    34.110
    1228   689.123     1156.0    34.110
    1229   689.670     1150.0    34.110
    1230   690.234     1194.0    34.210
    1231   690.793     1190.0    34.240
    1232   691.360     1170.0    34.240
    1233   691.914     1158.0    34.240
    1234   692.476     1168.0    34.260
    1235   693.045     1194.0    34.320
    1236   693.598     1188.0    34.340
    1237   694.164     1174.0    34.340
    1238   694.723     1186.0    34.370
    1239   695.283     1212.0    34.440
    1240   695.842     1206.0    34.460
    1241   696.403     1190.0    34.460
    1242   696.966     1184.0    34.470
    1243   697.528     1232.0    34.570
    1244   698.099     1228.0    34.600
    1245   698.647     1210.0    34.600
    1246   699.206     1194.0    34.600
    1247   699.784     1208.0    34.620
    1248   700.332     1238.0    34.700
    1249   700.894     1230.0    34.710
    1250   701.454     1212.0    34.710
    1251   702.019     1206.0    34.720
    1252   702.578     1260.0    34.820
    1253   703.146     1254.0    34.850
    1254   703.699     1232.0    34.850
    1255   704.259     1214.0    34.850
    1256   704.821     1256.0    34.910
    1257   705.380     1256.0    34.940
    1258   705.943     1236.0    34.940
    1259   706.503     1236.0    34.950
    1260   707.072     1270.0    35.020
    1261   707.626     1266.0    35.050
    1262   708.189     1246.0    35.050
    1263   708.748     1250.0    35.060
    1264   709.313     1288.0    35.140
    1265   709.872     1282.0    35.160
    1266   710.431     1260.0    35.160
    1267   710.996     1268.0    35.180
    1268   711.557     1286.0    35.230
    1269   712.131     1280.0    35.240
    1270   712.677     1272.0    35.250
    1271   713.241     1320.0    35.340
    1272   713.799     1312.0    35.370
    1273   714.357     1288.0    35.370
    1274   714.920     1270.0    35.370
    1275   715.486     1320.0    35.440
    1276   716.049     1316.0    35.470
    1277   716.603     1292.0    35.470
    1278   717.173     1290.0    35.470
    1279   717.727     1348.0    35.570
    1280   718.286     1342.0    35.600
    1281   718.846     1314.0    35.600
    1282   719.405     1296.0    35.600
    1283   719.969     1346.0    35.670
    1284   720.530     1344.0    35.700
    1285   721.103     1318.0    35.700
    1286   721.651     1324.0    35.700
    1287   722.214     1364.0    35.780
    1288   722.775     1354.0    35.800
    1289   723.333     1328.0    35.800
    1290   723.895     1338.0    35.810
    1291   724.456     1380.0    35.890
    1292   725.024     1372.0    35.910
    1293   725.579     1344.0    35.910
    1294   726.147     1358.0    35.930
    1295   726.702     1378.0    35.970
    1296   727.263     1370.0    35.990
    1297   727.826     1370.0    36.010
    1298   728.391     1396.0    36.060
    1299   728.949     1388.0    36.080
    1300   729.511     1368.0    36.080
    1301   730.078     1430.0    36.180
    1302   730.633     1424.0    36.210
    1303   731.193     1392.0    36.210
    1304   731.764     1372.0    36.210
    1305   732.317     1434.0    36.280
    1306   732.877     1430.0    36.310
    1307   733.435     1400.0    36.310
    1308   734.002     1382.0    36.310
    1309   734.562     1462.0    36.400
    1310   735.131     1456.0    36.440
    1311   735.680     1424.0    36.440
    1312   736.246     1398.0    36.440
    1313   736.803     1472.0    36.510
    1314   737.361     1468.0    36.550
    1315   737.924     1436.0    36.550
    1316   738.484     1412.0    36.550
    1317   739.052     1462.0    36.590
    1318   739.606     1460.0    36.620
    1319   740.172     1434.0    36.620
    1320   740.728     1496.0    36.690
    1321   741.288     1488.0    36.720
    1322   741.851     1456.0    36.720
    1323   742.411     1458.0    36.720
    1324   742.974     1528.0    36.820
    1325   743.536     1518.0    36.850
    1326   744.109     1484.0    36.850
    1327   744.654     1456.0    36.850
    1328   745.216     1526.0    36.910
    1329   745.777     1520.0    36.940
    1330   746.338     1488.0    36.940
    1331   746.899     1498.0    36.950
    1332   747.484     1544.0    37.020
    1333   748.043     1538.0    37.050
    1334   748.584     1504.0    37.050
    1335   749.153     1552.0    37.090
    1336   749.712     1546.0    37.120
    1337   750.266     1514.0    37.120
    1338   750.828     1574.0    37.180
    1339   751.387     1568.0    37.210
    1340   751.949     1534.0    37.210
    1341   752.511     1570.0    37.250
    1342   753.075     1564.0    37.270
    1343   753.634     1558.0    37.280
    1344   754.196     1614.0    37.360
    1345   754.765     1602.0    37.380
    1346   755.317     1566.0    37.380
    1347   755.879     1592.0    37.410
    1348   756.441     1598.0    37.440
    1349   757.004     1586.0    37.450
    1350   757.563     1632.0    37.510
    1351   758.136     1620.0    37.530
    1352   758.683     1586.0    37.530
    1353   759.246     1680.0    37.630
    1354   759.809     1668.0    37.660
    1355   760.366     1628.0    37.660
    1356   760.928     1596.0    37.660
    1357   761.488     1658.0    37.710
    1358   762.056     1654.0    37.730
    1359   762.610     1618.0    37.730
    1360   763.173     1690.0    37.800
    1361   763.735     1684.0    37.830
    1362   764.292     1646.0    37.830
    1363   764.853     1654.0    37.840
    1364   765.415     1706.0    37.900
    1365   765.978     1694.0    37.920
    1366   766.538     1656.0    37.920
    1367   767.113     1750.0    38.010
    1368   767.658     1746.0    38.050
    1369   768.219     1702.0    38.050
    1370   768.783     1668.0    38.050
    1371   769.345     1738.0    38.100
    1372   769.906     1732.0    38.120
    1373   770.463     1694.0    38.120
    1374   771.031     1766.0    38.180
    1375   771.587     1760.0    38.210
    1376   772.157     1720.0    38.210
    1377   772.711     1766.0    38.250
    1378   773.272     1760.0    38.270
    1379   773.834     1752.0    38.280
    1380   774.396     1820.0    38.360
    1381   774.955     1806.0    38.390
    1382   775.518     1764.0    38.390
    1383   776.091     1796.0    38.410
    1384   776.639     1804.0    38.440
    1385   777.202     1792.0    38.450
    1386   777.765     1846.0    38.520
    1387   778.324     1832.0    38.540
    1388   778.885     1790.0    38.540
    1389   779.447     1856.0    38.590
    1390   780.008     1846.0    38.620
    1391   780.569     1810.0    38.620
    1392   781.144     1900.0    38.690
    1393   781.691     1892.0    38.730
    1394   782.249     1844.0    38.730
    1395   782.814     1848.0    38.730
    1396   783.373     1910.0    38.790
    1397   783.936     1894.0    38.820
    1398   784.494     1852.0    38.820
    1399   785.074     1962.0    38.900
    1400   785.617     1954.0    38.940
    1401   786.181     1904.0    38.940
    1402   786.740     1864.0    38.940
    1403   787.302     1940.0    38.980
    1404   787.866     1934.0    39.010
    1405   788.423     1894.0    39.010
    1406   788.985     2036.0    39.110
    1407   789.544     2020.0    39.150
    1408   790.113     1964.0    39.150
    1409   790.665     1922.0    39.150
    1410   791.229     1912.0    39.150
    1411   791.789     2068.0    39.260
    1412   792.351     2052.0    39.290
    1413   792.909     1996.0    39.290
    1414   793.469     1954.0    39.290
    1415   794.034     1990.0    39.300
    1416   794.593     1996.0    39.320
    1417   795.162     2018.0    39.350
    1418   795.720     2036.0    39.380
    1419   796.279     2040.0    39.400
    1420   796.840     2078.0    39.450
    1421   797.399     2058.0    39.470
    1422   797.963     2056.0    39.480
    1423   798.522     2122.0    39.540
    1424   799.095     2100.0    39.560
    1425   799.643     2062.0    39.560
    1426   800.206     2200.0    39.660
    1427   800.767     2178.0    39.690
    1428   801.326     2116.0    39.690
    1429   801.888     2070.0    39.690
    1430   802.449     2150.0    39.730
    1431   803.010     2144.0    39.750
    1432   803.571     2096.0    39.750
    1433   804.143     2262.0    39.860
    1434   804.691     2248.0    39.890
    1435   805.250     2184.0    39.890
    1436   805.811     2134.0    39.890
    1437   806.374     2178.0    39.910
    1438   806.934     2190.0    39.930
    1439   807.495     2218.0    39.960
    1440   808.072     2240.0    40.000
    1441   808.644     2220.0    40.010
    1442   809.184     2262.0    40.050
    1443   809.748     2258.0    40.070
    1444   810.302     2278.0    40.100
    1445   810.864     2292.0    40.130
    1446   811.428     2292.0    40.150
    1447   811.988     2336.0    40.200
    1448   812.547     2310.0    40.220
    1449   813.119     2306.0    40.230
    1450   813.670     2386.0    40.290
    1451   814.231     2356.0    40.310
    1452   814.793     2296.0    40.310
    1453   815.354     2448.0    40.390
    1454   815.913     2428.0    40.420
    1455   816.472     2358.0    40.420
    1456   817.036     2326.0    40.420
    1457   817.595     2514.0    40.520
    1458   818.163     2490.0    40.550
    1459   818.715     2414.0    40.550
    1460   819.274     2358.0    40.550
    1461   819.844     2466.0    40.590
    1462   820.398     2460.0    40.620
    1463   820.955     2400.0    40.620
    1464   821.518     2544.0    40.690
    1465   822.092     2526.0    40.720
    1466   822.638     2456.0    40.720
    1467   823.200     2534.0    40.750
    1468   823.761     2520.0    40.770
    1469   824.323     2500.0    40.780
    1470   824.883     2626.0    40.850
    1471   825.443     2600.0    40.880
    1472   826.008     2526.0    40.880
    1473   826.567     2660.0    40.940
    1474   827.137     2638.0    40.960
    1475   827.688     2564.0    40.960
    1476   828.245     2646.0    41.000
    1477   828.808     2632.0    41.020
    1478   829.369     2680.0    41.050
    1479   829.931     2670.0    41.070
    1480   830.491     2696.0    41.100
    1481   831.058     2714.0    41.130
    1482   831.613     2716.0    41.160
    1483   832.178     2704.0    41.170
    1484   832.739     2832.0    41.240
    1485   833.298     2792.0    41.270
    1486   833.857     2712.0    41.270
    1487   834.420     2854.0    41.320
    1488   834.978     2832.0    41.350
    1489   835.537     2748.0    41.350
    1490   836.115     2836.0    41.380
    1491   836.663     2866.0    41.420
    1492   837.223     2822.0    41.430
    1493   837.785     2938.0    41.480
    1494   838.347     2910.0    41.510
    1495   838.907     2828.0    41.510
    1496   839.466     3094.0    41.610
    1497   840.033     3046.0    41.640
    1498   840.587     2944.0    41.640
    1499   841.153     2866.0    41.640
    1500   841.709     2942.0    41.660
    1501   842.269     2958.0    41.680
    1502   842.831     3004.0    41.710
    1503   843.394     3044.0    41.740
    1504   843.952     3054.0    41.770
    1505   844.515     3048.0    41.790
    1506   845.086     3108.0    41.830
    1507   845.640     3090.0    41.840
    1508   846.200     3200.0    41.900
    1509   846.760     3164.0    41.920
    1510   847.320     3068.0    41.920
    1511   847.882     3326.0    42.010
    1512   848.444     3286.0    42.040
    1513   849.004     3174.0    42.040
    1514   849.563     3094.0    42.040
    1515   850.138     3384.0    42.120
    1516   850.683     3370.0    42.160
    1517   851.243     3254.0    42.160
    1518   851.821     3168.0    42.160
    1519   852.365     3478.0    42.240
    1520   852.928     3448.0    42.270
    1521   853.487     3328.0    42.270
    1522   854.051     3240.0    42.270
    1523   854.608     3440.0    42.310
    1524   855.174     3428.0    42.340
    1525   855.727     3338.0    42.340
    1526   856.291     3604.0    42.420
    1527   856.850     3570.0    42.450
    1528   857.412     3450.0    42.450
    1529   857.973     3464.0    42.450
    1530   858.536     3644.0    42.510
    1531   859.104     3608.0    42.530
    1532   859.655     3494.0    42.530
    1533   860.216     3808.0    42.620
    1534   860.779     3766.0    42.650
    1535   861.338     3630.0    42.650
    1536   861.895     3530.0    42.650
    1537   862.459     3886.0    42.730
    1538   863.022     3864.0    42.760
    1539   863.580     3722.0    42.760
    1540   864.154     3620.0    42.760
    1541   864.703     4004.0    42.850
    1542   865.262     3978.0    42.880
    1543   865.822     3832.0    42.880
    1544   866.380     3722.0    42.880
    1545   866.945     3968.0    42.930
    1546   867.504     3960.0    42.950
    1547   868.074     3832.0    42.950
    1548   868.626     4114.0    43.010
    1549   869.186     4094.0    43.040
    1550   869.766     3952.0    43.040
    1551   870.307     4132.0    43.080
    1552   870.867     4118.0    43.100
    1553   871.427     4088.0    43.110
    1554   871.991     4378.0    43.190
    1555   872.551     4316.0    43.220
    1556   873.121     4156.0    43.220
    1557   873.669     4118.0    43.220
    1558   874.233     4628.0    43.340
    1559   874.793     4550.0    43.370
    1560   875.352     4360.0    43.370
    1561   875.911     4226.0    43.370
    1562   876.473     4176.0    43.370
    1563   877.036     4718.0    43.470
    1564   877.592     4674.0    43.500
    1565   878.161     4490.0    43.500
    1566   878.714     4354.0    43.500
    1567   879.277     4450.0    43.510
    1568   879.838     4608.0    43.550
    1569   880.399     4582.0    43.560
    1570   880.959     4764.0    43.610
    1571   881.520     4734.0    43.630
    1572   882.092     4628.0    43.630
    1573   882.644     5122.0    43.740
    1574   883.204     5036.0    43.760
    1575   883.776     4832.0    43.760
    1576   884.323     4684.0    43.760
    1577   884.884     5188.0    43.840
    1578   885.446     5158.0    43.870
    1579   886.010     4956.0    43.870
    1580   886.565     4806.0    43.870
    1581   887.135     5364.0    43.950
    1582   887.688     5348.0    43.980
    1583   888.245     5132.0    43.980
    1584   888.807     4974.0    43.980
    1585   889.368     5582.0    44.070
    1586   889.930     5534.0    44.100
    1587   890.488     5308.0    44.100
    1588   891.054     5142.0    44.100
    1589   891.610     5514.0    44.140
    1590   892.173     5524.0    44.160
    1591   892.731     5350.0    44.160
    1592   893.292     5860.0    44.240
    1593   893.853     5810.0    44.270
    1594   894.411     5578.0    44.270
    1595   894.974     5590.0    44.270
    1596   895.535     6208.0    44.370
    1597   896.107     6098.0    44.400
    1598   896.656     5842.0    44.400
    1599   897.215     5652.0    44.400
    1600   897.776     6222.0    44.460
    1601   898.334     6210.0    44.490
    1602   898.895     5966.0    44.490
    1603   899.457     6032.0    44.500
    1604   900.023     6494.0    44.570
    1605   900.578     6416.0    44.600
    1606   901.147     6164.0    44.600
    1607   901.702     6580.0    44.650
    1608   902.261     6542.0    44.670
    1609   902.821     6292.0    44.670
    1610   903.380     6826.0    44.730
    1611   903.941     6794.0    44.760
    1612   904.501     6516.0    44.760
    1613   905.074     6856.0    44.800
    1614   905.622     6864.0    44.820
    1615   906.187     6770.0    44.830
    1616   906.747     7338.0    44.910
    1617   907.307     7240.0    44.930
    1618   907.866     6938.0    44.930
    1619   908.428     7162.0    44.950
    1620   908.991     7500.0    45.010
    1621   909.550     7400.0    45.030
    1622   910.125     7136.0    45.030
    1623   910.670     7896.0    45.110
    1624   911.234     7802.0    45.130
    1625   911.794     7470.0    45.130
    1626   912.355     7498.0    45.140
    1627   912.913     8054.0    45.200
    1628   913.476     7974.0    45.220
    1629   914.041     7658.0    45.220
    1630   914.597     8566.0    45.310
    1631   915.164     8472.0    45.340
    1632   915.721     8098.0    45.340
    1633   916.274     7824.0    45.340
    1634   916.838     8858.0    45.420
    1635   917.398     8828.0    45.450
    1636   917.956     8444.0    45.450
    1637   918.516     8164.0    45.450
    1638   919.085     9286.0    45.540
    1639   919.639     9286.0    45.570
    1640   920.195     8868.0    45.570
    1641   920.757     8564.0    45.570
    1642   921.318     9266.0    45.620
    1643   921.878     9310.0    45.640
    1644   922.439     8956.0    45.640
    1645   923.002     9784.0    45.710
    1646   923.559     9810.0    45.740
    1647   924.131     9408.0    45.740
    1648   924.680     9910.0    45.780
    1649   925.239     9938.0    45.800
    1650   925.800     9704.0    45.800
    1651   926.362    10630.0    45.880
    1652   926.923    10552.0    45.900
    1653   927.481    10114.0    45.900
    1654   928.046    10456.0    45.930
    1655   928.605    10608.0    45.960
    1656   929.170    10534.0    45.970
    1657   929.727    11298.0    46.040
    1658   930.284    11218.0    46.060
    1659   930.869    10774.0    46.060
    1660   931.408    11502.0    46.110
    1661   931.966    11554.0    46.140
    1662   932.527    11150.0    46.140
    1663   933.100    12270.0    46.210
    1664   933.650    12264.0    46.240
    1665   934.206    11752.0    46.240
    1666   934.771    11716.0    46.250
    1667   935.333    12588.0    46.310
    1668   935.892    12568.0    46.330
    1669   936.450    12098.0    46.330
    1670   937.017    13468.0    46.420
    1671   937.576    13474.0    46.450
    1672   938.143    12910.0    46.450
    1673   938.692    12488.0    46.450
    1674   939.254    14056.0    46.530
    1675   939.822    14102.0    46.560
    1676   940.374    13546.0    46.560
    1677   940.934    13118.0    46.560
    1678   941.495    14784.0    46.640
    1679   942.059    14884.0    46.670
    1680   942.615    14290.0    46.670
    1681   943.178    13848.0    46.670
    1682   943.736    15674.0    46.760
    1683   944.295    15730.0    46.790
    1684   944.854    15130.0    46.790
    1685   945.416    14652.0    46.790
    1686   945.978    15762.0    46.840
    1687   946.536    15950.0    46.860
    1688   947.110    15424.0    46.860
    1689   947.658    16688.0    46.920
    1690   948.216    16826.0    46.950
    1691   948.778    16236.0    46.950
    1692   949.338    17100.0    46.990
    1693   949.899    17236.0    47.010
    1694   950.459    17126.0    47.030
    1695   951.025    17836.0    47.070
    1696   951.581    17880.0    47.090
    1697   952.151    18120.0    47.120
    1698   952.702    18412.0    47.150
    1699   953.265    18498.0    47.170
    1700   953.827    19106.0    47.210
    1701   954.386    19114.0    47.230
    1702   954.949    19286.0    47.250
    1703   955.513    20274.0    47.310
    1704   956.091    20248.0    47.330
    1705   956.642    19828.0    47.330
    1706   957.210    19516.0    47.330
    1707   957.775    19264.0    47.330
    1708   958.342    19056.0    47.330
    1709   958.907    18880.0    47.330
    1710   959.476    18724.0    47.330
    1711   960.042    18590.0    47.330
    1712   960.601    18468.0    47.330
    1713   961.172    18358.0    47.330
    1714   961.734    18258.0    47.330
    1715   962.299    18166.0    47.330
    1716   962.865    18080.0    47.330
    1717   963.430    18002.0    47.330
    1718   963.997    17930.0    47.330
    1719   964.562    17862.0    47.330
    1720   965.140    17796.0    47.330
    1721   965.693    17736.0    47.330
    1722   966.256    17680.0    47.330
    1723   966.824    17626.0    47.330
    1724   967.387    17574.0    47.330
    1725   967.955    17526.0    47.330
    1726   968.519    17480.0    47.330
    1727   969.097    17436.0    47.330
    1728   969.651    17392.0    47.330
    1729   970.216    17350.0    47.330
    1730   970.783    17312.0    47.330
    1731   971.346    17274.0    47.330
    1732   971.909    17238.0    47.330
    1733   972.478    17204.0    47.330
    1734   973.051    17170.0    47.330
    1735   973.607    17138.0    47.330
    1736   974.180    17106.0    47.330
    1737   974.741    17078.0    47.330
    1738   975.304    17048.0    47.330
    1739   975.866    17020.0    47.330
    1740   976.428    16992.0    47.330
    1741   976.991    16966.0    47.330
    1742   977.551    16940.0    47.330
    1743   978.127    16916.0    47.330
    1744   978.673    16892.0    47.330
    1745   979.234    16866.0    47.330
    1746   979.810    16844.0    47.330
    1747   980.358    16822.0    47.330
    1748   980.918    16798.0    47.330
    1749   981.480    16778.0    47.330
    1750   982.046    16756.0    47.330
    1751   982.600    16736.0    47.330
    1752   983.169    16716.0    47.330
    1753   983.724    16696.0    47.330
    1754   984.285    16678.0    47.330
    1755   984.846    16658.0    47.330
    1756   985.408    16640.0    47.330
    1757   985.970    16622.0    47.330
    1758   986.532    16604.0    47.330
    1759   987.106    16586.0    47.330
    1760   987.655    16570.0    47.330
    1761   988.214    16554.0    47.330
    1762   988.775    16536.0    47.330
    1763   989.338    16522.0    47.330
    1764   989.896    16506.0    47.330
    1765   990.460    16490.0    47.330
    1766   991.030    16474.0    47.330
    1767   991.608    16460.0    47.330
    1768   992.163    16444.0    47.330
    1769   992.733    16430.0    47.330
    1770   993.264    16416.0    47.330
    1771   993.826    16402.0    47.330
    1772   994.387    16388.0    47.330
    1773   994.949    16374.0    47.330
    1774   995.511    16362.0    47.330
    1775   996.083    16348.0    47.330
    1776   996.636    16336.0    47.330
    1777   997.199    16322.0    47.330
    1778   997.768    16310.0    47.330
    1779   998.319    16298.0    47.330
    1780   998.881    16286.0    47.330
    1781   999.444    16272.0    47.330
    1782  1000.004    16260.0    47.330
    1783  1000.566    16250.0    47.330
    1784  1001.136    16238.0    47.330
    1785  1001.689    16226.0    47.330
    1786  1002.249    16216.0    47.330
    1787  1002.813    16204.0    47.330
    1788  1003.372    16192.0    47.330
    1789  1003.935    16182.0    47.330
    1790  1004.494    16172.0    47.330
    1791  1005.062    16160.0    47.330
    1792  1005.620    16150.0    47.330
    1793  1006.184    16140.0    47.330
    1794  1006.741    16130.0    47.330
    1795  1007.304    16120.0    47.330
    1796  1007.864    16108.0    47.330
    1797  1008.428    16098.0    47.330
    1798  1008.992    16088.0    47.330
    1799  1009.552    16078.0    47.330
    1800  1010.124    16070.0    47.330
    1801  1010.673    16060.0    47.330
    1802  1011.236    16050.0    47.330
    1803  1011.807    16040.0    47.330
    1804  1012.357    16032.0    47.330
    1805  1012.918    16022.0    47.330
    1806  1013.479    16014.0    47.330
    1807  1014.044    16006.0    47.330
    1808  1014.602    15996.0    47.330
    1809  1015.171    15988.0    47.330
    1810  1015.726    15978.0    47.330
    1811  1016.286    15970.0    47.330
    1812  1016.851    15962.0    47.330
    1813  1017.413    15954.0    47.330
    1814  1017.974    15946.0    47.330
    1815  1018.537    15938.0    47.330
    1816  1019.112    15928.0    47.330
    1817  1019.659    15916.0    47.330
    1818  1020.221    15902.0    47.330
    1819  1020.783    15894.0    47.330
    1820  1021.347    15890.0    47.330
    1821  1021.907    15882.0    47.330
    1822  1022.470    15868.0    47.330
    1823  1023.037    15868.0    47.330
    1824  1023.593    15862.0    47.330
    1825  1024.160    15856.0    47.330
    1826  1024.714    15848.0    47.330
    1827  1025.276    15840.0    47.330
    1828  1025.839    15834.0    47.330
    1829  1026.402    15826.0    47.330
    1830  1026.964    15818.0    47.330
    1831  1027.524    15812.0    47.330
    1832  1028.096    15804.0    47.330
    1833  1028.650    15798.0    47.330
