       1     0.000         0.0     0.000
       2     0.437        56.0     0.130
       3     0.994        62.0     0.130
       4     1.557        58.0     0.130
       5     2.119        74.0     0.130
       6     2.680        82.0     0.160
       7     3.244        84.0     0.160
       8     3.829        96.0     0.250
       9     4.365        92.0     0.280
      10     4.932        90.0     0.280
      11     5.489        94.0     0.280
      12     6.052       104.0     0.360
      13     6.613       100.0     0.390
      14     7.172        96.0     0.390
      15     7.741       100.0     0.390
      16     8.296       110.0     0.450
      17     8.870       108.0     0.470
      18     9.418       106.0     0.470
      19     9.981       134.0     0.570
      20    10.542       138.0     0.600
      21    11.099       132.0     0.600
      22    11.662       128.0     0.600
      23    12.223       148.0     0.640
      24    12.817       152.0     0.670
      25    13.346       148.0     0.670
      26    13.920       176.0     0.740
      27    14.471       188.0     0.770
      28    15.029       182.0     0.770
      29    15.590       188.0     0.780
      30    16.154       212.0     0.840
      31    16.715       220.0     0.860
      32    17.275       214.0     0.860
      33    17.858       250.0     0.950
      34    18.396       266.0     0.990
      35    18.958       260.0     0.990
      36    19.517       256.0     0.990
      37    20.079       280.0     1.030
      38    20.640       290.0     1.060
      39    21.198       284.0     1.060
      40    21.774       314.0     1.130
      41    22.342       324.0     1.160
      42    22.894       318.0     1.160
      43    23.445       324.0     1.170
      44    24.007       350.0     1.240
      45    24.567       358.0     1.270
      46    25.125       350.0     1.270
      47    25.690       372.0     1.320
      48    26.249       382.0     1.340
      49    26.837       374.0     1.340
      50    27.371       400.0     1.400
      51    27.939       410.0     1.440
      52    28.493       402.0     1.440
      53    29.056       420.0     1.480
      54    29.616       428.0     1.500
      55    30.174       422.0     1.500
      56    30.741       458.0     1.600
      57    31.303       468.0     1.640
      58    31.870       460.0     1.640
      59    32.419       454.0     1.640
      60    32.981       468.0     1.660
      61    33.541       478.0     1.690
      62    34.104       482.0     1.700
      63    34.668       500.0     1.750
      64    35.228       510.0     1.790
      65    35.809       508.0     1.800
      66    36.350       516.0     1.820
      67    36.917       528.0     1.860
      68    37.471       532.0     1.880
      69    38.034       536.0     1.900
      70    38.596       552.0     1.950
      71    39.157       554.0     1.980
      72    39.717       550.0     1.980
      73    40.281       562.0     2.020
      74    40.858       574.0     2.070
      75    41.401       576.0     2.080
      76    41.961       572.0     2.090
      77    42.524       594.0     2.160
      78    43.083       598.0     2.180
      79    43.644       592.0     2.180
      80    44.206       600.0     2.210
      81    44.786       618.0     2.270
      82    45.328       620.0     2.290
      83    45.900       614.0     2.290
      84    46.455       624.0     2.320
      85    47.011       644.0     2.390
      86    47.573       644.0     2.410
      87    48.131       636.0     2.410
      88    48.693       636.0     2.420
      89    49.253       666.0     2.520
      90    49.843       666.0     2.560
      91    50.375       660.0     2.560
      92    50.940       654.0     2.560
      93    51.497       648.0     2.560
      94    52.059       682.0     2.660
      95    52.619       686.0     2.700
      96    53.178       678.0     2.700
      97    53.741       674.0     2.700
      98    54.322       668.0     2.700
      99    54.869       688.0     2.760
     100    55.421       690.0     2.790
     101    55.983       686.0     2.790
     102    56.546       700.0     2.840
     103    57.107       698.0     2.870
     104    57.665       694.0     2.870
     105    58.230       716.0     2.950
     106    58.820       712.0     2.980
     107    59.359       698.0     2.980
     108    59.921       688.0     2.980
     109    60.471       722.0     3.050
     110    61.031       722.0     3.080
     111    61.592       714.0     3.080
     112    62.154       714.0     3.080
     113    62.714       750.0     3.230
     114    63.277       746.0     3.270
     115    63.852       736.0     3.270
     116    64.396       730.0     3.270
     117    64.954       722.0     3.270
     118    65.515       708.0     3.270
     119    66.078       732.0     3.300
     120    66.640       746.0     3.370
     121    67.199       744.0     3.390
     122    67.764       740.0     3.390
     123    68.322       734.0     3.390
     124    68.894       770.0     3.510
     125    69.444       772.0     3.560
     126    70.004       764.0     3.560
     127    70.563       756.0     3.560
     128    71.124       748.0     3.560
     129    71.686       750.0     3.560
     130    72.247       784.0     3.690
     131    72.829       784.0     3.720
     132    73.371       776.0     3.720
     133    73.936       764.0     3.720
     134    74.487       756.0     3.720
     135    75.052       774.0     3.750
     136    75.613       784.0     3.800
     137    76.173       782.0     3.820
     138    76.734       776.0     3.820
     139    77.295       790.0     3.880
     140    77.866       790.0     3.910
     141    78.426       784.0     3.910
     142    78.980       790.0     3.940
     143    79.540       806.0     4.010
     144    80.100       802.0     4.030
     145    80.661       792.0     4.030
     146    81.223       792.0     4.040
     147    81.807       816.0     4.140
     148    82.343       814.0     4.180
     149    82.917       804.0     4.180
     150    83.463       792.0     4.180
     151    84.025       788.0     4.180
     152    84.587       820.0     4.280
     153    85.148       820.0     4.310
     154    85.708       812.0     4.310
     155    86.274       800.0     4.310
     156    86.843       812.0     4.340
     157    87.390       820.0     4.380
     158    87.953       818.0     4.390
     159    88.513       824.0     4.420
     160    89.074       832.0     4.470
     161    89.634       828.0     4.480
     162    90.198       824.0     4.490
     163    90.767       848.0     4.580
     164    91.316       844.0     4.610
     165    91.893       834.0     4.610
     166    92.438       810.0     4.610
     167    93.000       844.0     4.670
     168    93.559       844.0     4.700
     169    94.120       838.0     4.700
     170    94.683       836.0     4.710
     171    95.244       864.0     4.820
     172    95.823       858.0     4.850
     173    96.362       838.0     4.850
     174    96.927       826.0     4.850
     175    97.483       832.0     4.850
     176    98.047       872.0     4.960
     177    98.606       868.0     4.990
     178    99.165       852.0     4.990
     179    99.727       840.0     4.990
     180   100.287       846.0     4.990
     181   100.863       880.0     5.090
     182   101.411       880.0     5.130
     183   101.970       864.0     5.130
     184   102.531       852.0     5.130
     185   103.092       872.0     5.160
     186   103.653       874.0     5.180
     187   104.216       874.0     5.200
     188   104.800       886.0     5.250
     189   105.337       884.0     5.270
     190   106.224       886.0     5.300
     191   106.801       902.0     5.360
     192   107.346       896.0     5.390
     193   107.914       876.0     5.390
     194   108.467       896.0     5.420
     195   109.030       902.0     5.460
     196   109.591       896.0     5.470
     197   110.155       902.0     5.500
     198   110.713       910.0     5.540
     199   111.276       904.0     5.560
     200   111.853       904.0     5.580
     201   112.400       916.0     5.630
     202   112.962       910.0     5.650
     203   113.520       900.0     5.650
     204   114.083       930.0     5.750
     205   114.643       922.0     5.780
     206   115.203       902.0     5.780
     207   115.777       886.0     5.780
     208   116.327       928.0     5.860
     209   116.898       926.0     5.890
     210   117.449       906.0     5.890
     211   118.008       890.0     5.890
     212   118.570       936.0     5.970
     213   119.129       934.0     6.010
     214   119.708       912.0     6.010
     215   120.261       896.0     6.010
     216   120.833       932.0     6.060
     217   121.373       932.0     6.090
     218   121.938       912.0     6.090
     219   122.495       932.0     6.120
     220   123.057       938.0     6.160
     221   123.619       930.0     6.170
     222   124.178       936.0     6.200
     223   124.763       944.0     6.240
     224   125.304       940.0     6.260
     225   125.879       940.0     6.280
     226   126.442       950.0     6.330
     227   126.991       946.0     6.350
     228   127.550       936.0     6.350
     229   128.113       964.0     6.450
     230   128.674       958.0     6.480
     231   129.232       938.0     6.480
     232   129.824       922.0     6.480
     233   130.356       962.0     6.560
     234   130.920       960.0     6.590
     235   131.475       942.0     6.590
     236   132.036       926.0     6.590
     237   132.596       972.0     6.680
     238   133.157       968.0     6.710
     239   133.718       950.0     6.710
     240   134.286       934.0     6.710
     241   134.856       968.0     6.760
     242   135.400       968.0     6.790
     243   135.960       948.0     6.790
     244   136.523       982.0     6.860
     245   137.082       980.0     6.890
     246   137.642       960.0     6.890
     247   138.204       946.0     6.890
     248   138.778     1004.0     7.020
     249   139.326       996.0     7.060
     250   139.895       974.0     7.060
     251   140.446       956.0     7.060
     252   141.006       944.0     7.060
     253   141.568       978.0     7.080
     254   142.129       970.0     7.100
     255   142.689       968.0     7.110
     256   143.255     1000.0     7.200
     257   143.829       998.0     7.220
     258   144.372       986.0     7.220
     259   144.940       982.0     7.220
     260   145.497     1010.0     7.320
     261   146.056     1000.0     7.340
     262   146.616       978.0     7.340
     263   147.178       968.0     7.340
     264   147.743     1026.0     7.450
     265   148.299     1014.0     7.490
     266   148.875       992.0     7.490
     267   149.419       980.0     7.490
     268   149.982       972.0     7.490
     269   150.544     1030.0     7.590
     270   151.105     1028.0     7.620
     271   151.663     1012.0     7.620
     272   152.223       998.0     7.620
     273   152.807     1000.0     7.620
     274   153.344     1034.0     7.710
     275   153.917     1032.0     7.740
     276   154.833     1010.0     7.740
     277   155.379     1028.0     7.760
     278   155.942     1034.0     7.790
     279   156.501     1032.0     7.810
     280   157.062     1040.0     7.850
     281   157.625     1034.0     7.860
     282   158.189     1050.0     7.920
     283   158.750     1044.0     7.940
     284   159.308     1026.0     7.940
     285   159.887     1066.0     8.030
     286   160.429     1058.0     8.070
     287   160.989     1038.0     8.070
     288   161.549     1022.0     8.070
     289   162.110     1058.0     8.120
     290   162.669     1054.0     8.140
     291   163.227     1034.0     8.140
     292   163.810     1068.0     8.210
     293   164.349     1066.0     8.240
     294   164.920     1046.0     8.240
     295   165.471     1058.0     8.250
     296   166.034     1078.0     8.330
     297   166.593     1070.0     8.350
     298   167.153     1052.0     8.350
     299   167.715     1068.0     8.360
     300   168.277     1090.0     8.450
     301   168.847     1082.0     8.470
     302   169.396     1060.0     8.470
     303   169.956     1054.0     8.470
     304   170.518     1102.0     8.580
     305   171.078     1082.0     8.620
     306   171.637     1058.0     8.620
     307   172.196     1040.0     8.620
     308   172.771     1066.0     8.630
     309   173.320     1070.0     8.650
     310   173.899     1078.0     8.690
     311   174.449     1076.0     8.710
     312   175.004     1092.0     8.760
     313   175.566     1086.0     8.780
     314   176.123     1074.0     8.780
     315   176.687     1114.0     8.880
     316   177.247     1100.0     8.920
     317   177.821     1082.0     8.920
     318   178.366     1064.0     8.920
     319   178.934     1086.0     8.920
     320   179.490     1112.0     9.000
     321   180.051     1104.0     9.030
     322   180.610     1086.0     9.030
     323   181.178     1106.0     9.050
     324   181.734     1106.0     9.070
     325   182.308     1112.0     9.100
     326   182.870     1118.0     9.140
     327   183.420     1112.0     9.160
     328   183.979     1114.0     9.170
     329   184.542     1136.0     9.250
     330   185.102     1126.0     9.280
     331   185.661     1106.0     9.280
     332   186.223     1108.0     9.280
     333   186.802     1154.0     9.400
     334   187.344     1140.0     9.440
     335   187.912     1118.0     9.440
     336   188.465     1100.0     9.440
     337   189.026     1088.0     9.440
     338   189.586     1136.0     9.490
     339   190.147     1132.0     9.520
     340   190.706     1116.0     9.520
     341   191.269     1140.0     9.560
     342   191.841     1136.0     9.580
     343   192.392     1150.0     9.620
     344   192.955     1142.0     9.640
     345   193.512     1150.0     9.650
     346   194.076     1168.0     9.730
     347   194.635     1160.0     9.750
     348   195.195     1142.0     9.750
     349   195.768     1156.0     9.760
     350   196.317     1180.0     9.850
     351   196.890     1170.0     9.870
     352   197.438     1160.0     9.870
     353   198.000     1152.0     9.870
     354   198.559     1192.0     9.980
     355   199.121     1152.0    10.010
     356   199.682     1128.0    10.010
     357   200.240     1118.0    10.010
     358   200.827     1148.0    10.020
     359   201.364     1168.0    10.080
     360   201.931     1160.0    10.100
     361   202.485     1146.0    10.100
     362   203.047     1186.0    10.170
     363   203.607     1180.0    10.200
     364   204.166     1166.0    10.200
     365   204.730     1174.0    10.210
     366   205.294     1196.0    10.280
     367   205.866     1184.0    10.300
     368   206.417     1170.0    10.300
     369   207.150     1216.0    10.410
     370   207.710     1160.0    10.440
     371   208.270     1144.0    10.440
     372   208.846     1130.0    10.440
     373   209.392     1152.0    10.440
     374   209.956     1188.0    10.520
     375   210.513     1184.0    10.550
     376   211.073     1168.0    10.550
     377   211.635     1164.0    10.550
     378   212.197     1220.0    10.660
     379   212.765     1210.0    10.690
     380   213.316     1188.0    10.690
     381   213.891     1174.0    10.690
     382   214.442     1168.0    10.690
     383   214.998     1230.0    10.790
     384   215.559     1194.0    10.830
     385   216.120     1174.0    10.830
     386   216.680     1160.0    10.830
     387   217.240     1186.0    10.840
     388   217.823     1202.0    10.890
     389   218.365     1198.0    10.910
     390   218.930     1202.0    10.920
     391   219.489     1224.0    10.980
     392   220.047     1216.0    11.000
     393   220.607     1198.0    11.000
     394   221.171     1242.0    11.090
     395   221.730     1220.0    11.120
     396   222.302     1200.0    11.120
     397   222.865     1184.0    11.120
     398   223.414     1240.0    11.200
     399   223.975     1230.0    11.240
     400   224.535     1210.0    11.240
     401   225.093     1194.0    11.240
     402   225.658     1236.0    11.290
     403   226.216     1226.0    11.320
     404   226.792     1206.0    11.320
     405   227.338     1246.0    11.390
     406   227.910     1232.0    11.420
     407   228.457     1210.0    11.420
     408   229.020     1200.0    11.420
     409   229.583     1254.0    11.520
     410   230.141     1228.0    11.550
     411   230.702     1206.0    11.550
     412   231.262     1192.0    11.550
     413   231.849     1232.0    11.590
     414   232.386     1234.0    11.630
     415   232.947     1216.0    11.630
     416   233.508     1254.0    11.690
     417   234.067     1246.0    11.720
     418   234.629     1224.0    11.720
     419   235.190     1238.0    11.730
     420   235.758     1262.0    11.800
     421   236.314     1252.0    11.820
     422   236.881     1232.0    11.820
     423   237.436     1262.0    11.870
     424   237.995     1256.0    11.900
     425   238.557     1240.0    11.900
     426   239.118     1282.0    11.980
     427   239.679     1252.0    12.010
     428   240.240     1230.0    12.010
     429   240.821     1216.0    12.010
     430   241.361     1280.0    12.130
     431   241.949     1248.0    12.170
     432   242.488     1228.0    12.170
     433   243.040     1212.0    12.170
     434   243.602     1200.0    12.170
     435   244.165     1260.0    12.220
     436   244.725     1262.0    12.250
     437   245.285     1244.0    12.250
     438   245.868     1264.0    12.270
     439   246.423     1280.0    12.310
     440   246.970     1278.0    12.330
     441   247.533     1282.0    12.340
     442   248.093     1312.0    12.430
     443   248.654     1272.0    12.460
     444   249.215     1252.0    12.460
     445   249.791     1236.0    12.460
     446   250.336     1306.0    12.560
     447   250.910     1292.0    12.600
     448   251.459     1266.0    12.600
     449   252.017     1252.0    12.600
     450   252.578     1266.0    12.600
     451   253.140     1320.0    12.690
     452   253.700     1316.0    12.720
     453   254.261     1294.0    12.720
     454   254.841     1272.0    12.720
     455   255.384     1336.0    12.800
     456   255.947     1316.0    12.830
     457   256.503     1288.0    12.830
     458   257.063     1272.0    12.830
     459   257.625     1342.0    12.920
     460   258.186     1302.0    12.950
     461   258.748     1280.0    12.950
     462   259.304     1264.0    12.950
     463   259.877     1310.0    12.990
     464   260.428     1312.0    13.020
     465   260.989     1298.0    13.020
     466   261.971     1314.0    13.250
     467   262.533     1296.0    13.290
     468   263.092     1274.0    13.290
     469   263.652     1258.0    13.290
     470   264.211     1250.0    13.290
     471   264.786     1244.0    13.290
     472   265.331     1236.0    13.290
     473   265.902     1232.0    13.290
     474   266.453     1326.0    13.370
     475   267.013     1334.0    13.410
     476   267.574     1314.0    13.410
     477   268.133     1296.0    13.410
     478   268.698     1312.0    13.410
     479   269.257     1352.0    13.470
     480   269.839     1348.0    13.490
     481   270.390     1328.0    13.490
     482   270.944     1370.0    13.540
     483   271.497     1362.0    13.570
     484   272.061     1342.0    13.570
     485   272.622     1388.0    13.640
     486   273.182     1342.0    13.670
     487   273.743     1320.0    13.670
     488   274.302     1336.0    13.670
     489   274.879     1384.0    13.780
     490   275.425     1340.0    13.820
     491   275.985     1318.0    13.820
     492   276.547     1298.0    13.820
     493   277.105     1346.0    13.850
     494   277.667     1344.0    13.870
     495   278.227     1344.0    13.870
     496   278.811     1386.0    13.960
     497   279.350     1356.0    13.990
     498   279.924     1334.0    13.990
     499   280.471     1318.0    13.990
     500   281.030     1324.0    14.090
     501   281.591     1326.0    14.130
     502   282.152     1306.0    14.130
     503   282.713     1288.0    14.130
     504   283.275     1332.0    14.150
     505   283.855     1330.0    14.170
     506   284.396     1336.0    14.180
     507   284.960     1370.0    14.260
     508   285.516     1308.0    14.280
     509   286.079     1290.0    14.280
     510   286.640     1322.0    14.310
     511   287.202     1332.0    14.330
     512   287.770     1348.0    14.370
     513   288.327     1350.0    14.390
     514   288.901     1362.0    14.420
     515   289.450     1368.0    14.450
     516   290.011     1372.0    14.470
     517   290.572     1388.0    14.510
     518   291.131     1384.0    14.530
     519   291.695     1392.0    14.560
     520   292.258     1398.0    14.580
     521   292.846     1410.0    14.640
     522   293.383     1314.0    14.660
     523   293.944     1296.0    14.660
     524   294.500     1352.0    14.740
     525   295.062     1324.0    14.770
     526   295.621     1306.0    14.770
     527   296.182     1300.0    14.770
     528   296.746     1372.0    14.870
     529   297.304     1352.0    14.910
     530   297.872     1328.0    14.910
     531   298.424     1304.0    14.910
     532   298.986     1356.0    14.950
     533   299.545     1356.0    14.980
     534   300.104     1338.0    14.980
     535   300.667     1390.0    15.050
     536   301.228     1386.0    15.080
     537   301.810     1364.0    15.080
     538   302.367     1384.0    15.080
     539   302.938     1416.0    15.160
     540   303.495     1322.0    15.190
     541   304.034     1304.0    15.190
     542   304.593     1302.0    15.190
     543   305.158     1378.0    15.290
     544   305.718     1362.0    15.320
     545   306.275     1342.0    15.320
     546   306.859     1326.0    15.320
     547   307.402     1380.0    15.360
     548   307.961     1382.0    15.390
     549   308.522     1372.0    15.390
     550   309.083     1428.0    15.480
     551   309.644     1394.0    15.510
     552   310.202     1374.0    15.510
     553   310.777     1364.0    15.510
     554   311.328     1424.0    15.590
     555   311.906     1346.0    15.630
     556   312.446     1322.0    15.630
     557   313.008     1308.0    15.630
     558   313.569     1392.0    15.700
     559   314.129     1394.0    15.740
     560   314.690     1372.0    15.740
     561   315.251     1356.0    15.740
     562   315.840     1438.0    15.820
     563   316.372     1424.0    15.870
     564   316.937     1346.0    15.870
     565   317.494     1330.0    15.870
     566   318.053     1362.0    15.880
     567   318.617     1364.0    15.900
     568   319.178     1390.0    15.940
     569   319.740     1388.0    15.960
     570   320.301     1422.0    16.010
     571   320.875     1412.0    16.030
     572   321.424     1404.0    16.030
     573   321.985     1448.0    16.100
     574   322.542     1386.0    16.130
     575   323.104     1364.0    16.130
     576   323.664     1418.0    16.190
     577   324.225     1378.0    16.220
     578   324.808     1358.0    16.220
     579   325.345     1402.0    16.250
     580   325.914     1404.0    16.280
     581   326.470     1414.0    16.290
     582   327.032     1436.0    16.340
     583   327.592     1424.0    16.360
     584   328.153     1436.0    16.370
     585   328.714     1416.0    16.440
     586   329.276     1356.0    16.460
     587   329.850     1340.0    16.460
     588   330.396     1388.0    16.510
     589   330.956     1390.0    16.530
     590   331.514     1376.0    16.530
     591   332.077     1458.0    16.650
     592   332.637     1370.0    16.690
     593   333.199     1350.0    16.690
     594   333.768     1334.0    16.690
     595   334.337     1348.0    16.690
     596   334.899     1398.0    16.740
     597   335.440     1402.0    16.760
     598   336.002     1390.0    16.760
     599   336.566     1460.0    16.860
     600   337.124     1382.0    16.890
     601   337.684     1364.0    16.890
     602   338.245     1346.0    16.890
     603   338.825     1406.0    16.930
     604   339.365     1414.0    16.960
     605   339.932     1398.0    16.960
     606   340.486     1458.0    17.030
     607   341.048     1416.0    17.060
     608   341.606     1396.0    17.060
     609   342.169     1416.0    17.060
     610   342.732     1474.0    17.170
     611   343.293     1368.0    17.200
     612   343.867     1350.0    17.200
     613   344.411     1334.0    17.200
     614   344.973     1390.0    17.230
     615   345.533     1396.0    17.250
     616   346.096     1408.0    17.270
     617   346.659     1434.0    17.320
     618   347.216     1430.0    17.330
     619   347.801     1442.0    17.350
     620   348.341     1466.0    17.420
     621   348.909     1356.0    17.440
     622   349.461     1340.0    17.440
     623   350.025     1392.0    17.490
     624   350.585     1398.0    17.520
     625   351.143     1384.0    17.520
     626   351.706     1448.0    17.600
     627   352.270     1432.0    17.630
     628   352.852     1410.0    17.630
     629   353.386     1434.0    17.630
     630   353.953     1468.0    17.700
     631   354.511     1382.0    17.720
     632   355.071     1362.0    17.720
     633   355.633     1414.0    17.780
     634   356.192     1416.0    17.800
     635   356.752     1396.0    17.800
     636   357.315     1456.0    17.870
     637   357.890     1452.0    17.900
     638   358.442     1426.0    17.900
     639   358.995     1472.0    17.940
     640   359.555     1460.0    17.960
     641   360.116     1436.0    17.960
     642   360.678     1436.0    18.070
     643   361.239     1412.0    18.110
     644   361.822     1388.0    18.110
     645   362.360     1370.0    18.110
     646   362.929     1420.0    18.120
     647   363.482     1436.0    18.150
     648   364.048     1442.0    18.170
     649   364.607     1458.0    18.200
     650   365.167     1474.0    18.240
     651   365.727     1464.0    18.250
     652   366.308     1488.0    18.290
     653   366.867     1362.0    18.320
     654   367.417     1368.0    18.330
     655   367.975     1410.0    18.400
     656   368.535     1416.0    18.420
     657   369.093     1402.0    18.420
     658   369.657     1450.0    18.480
     659   370.217     1446.0    18.500
     660   370.794     1418.0    18.500
     661   371.338     1492.0    18.570
     662   371.913     1458.0    18.600
     663   372.460     1410.0    18.600
     664   373.022     1470.0    18.650
     665   373.581     1424.0    18.670
     666   374.143     1404.0    18.670
     667   374.706     1468.0    18.740
     668   375.262     1416.0    18.770
     669   376.104     1394.0    18.770
     670   376.667     1468.0    18.860
     671   377.227     1454.0    18.890
     672   377.812     1428.0    18.890
     673   378.346     1408.0    18.890
     674   378.937     1462.0    18.950
     675   379.469     1464.0    18.980
     676   380.030     1440.0    18.980
     677   380.591     1458.0    18.990
     678   381.153     1500.0    19.050
     679   381.713     1478.0    19.070
     680   382.282     1468.0    19.070
     681   382.858     1492.0    19.140
     682   383.396     1390.0    19.170
     683   383.960     1372.0    19.170
     684   384.521     1412.0    19.200
     685   385.081     1428.0    19.220
     686   385.642     1450.0    19.260
     687   386.204     1456.0    19.280
     688   386.780     1470.0    19.300
     689   387.327     1502.0    19.370
     690   387.905     1468.0    19.380
     691   388.447     1446.0    19.380
     692   389.010     1504.0    19.470
     693   389.569     1424.0    19.500
     694   390.130     1404.0    19.500
     695   390.691     1404.0    19.500
     696   391.253     1468.0    19.560
     697   391.832     1424.0    19.590
     698   392.373     1404.0    19.590
     699   392.938     1468.0    19.660
     700   393.496     1450.0    19.680
     701   394.055     1428.0    19.680
     702   394.617     1450.0    19.690
     703   395.179     1492.0    19.760
     704   395.739     1478.0    19.780
     705   396.300     1454.0    19.780
     706   396.875     1506.0    19.840
     707   397.422     1402.0    19.860
     708   397.982     1384.0    19.860
     709   398.544     1450.0    19.930
     710   399.103     1460.0    19.960
     711   399.666     1440.0    19.960
     712   400.228     1492.0    20.000
     713   400.809     1492.0    20.020
     714   401.348     1472.0    20.020
     715   401.917     1502.0    20.130
     716   402.470     1418.0    20.170
     717   403.031     1398.0    20.170
     718   403.590     1382.0    20.170
     719   404.153     1432.0    20.190
     720   404.710     1428.0    20.210
     721   405.276     1452.0    20.230
     722   405.852     1476.0    20.270
     723   406.413     1476.0    20.290
     724   406.962     1484.0    20.310
     725   407.522     1458.0    20.360
     726   408.081     1410.0    20.380
     727   408.642     1404.0    20.380
     728   409.202     1476.0    20.480
     729   409.775     1462.0    20.510
     730   410.325     1440.0    20.510
     731   410.898     1418.0    20.510
     732   411.446     1502.0    20.580
     733   412.008     1442.0    20.620
     734   412.569     1420.0    20.620
     735   413.128     1420.0    20.620
     736   413.691     1486.0    20.690
     737   414.251     1486.0    20.710
     738   414.830     1462.0    20.710
     739   415.373     1500.0    20.740
     740   415.942     1510.0    20.770
     741   416.495     1510.0    20.790
     742   417.061     1470.0    20.820
     743   417.622     1452.0    20.860
     744   418.182     1450.0    20.880
     745   418.745     1484.0    20.920
     746   419.304     1480.0    20.940
     747   419.882     1476.0    20.940
     748   420.427     1542.0    21.040
     749   420.987     1412.0    21.070
     750   421.548     1390.0    21.070
     751   422.110     1376.0    21.070
     752   422.670     1482.0    21.150
     753   423.231     1502.0    21.190
     754   423.810     1486.0    21.190
     755   424.352     1468.0    21.190
     756   424.935     1528.0    21.240
     757   425.488     1528.0    21.270
     758   426.035     1496.0    21.270
     759   426.595     1546.0    21.300
     760   427.158     1514.0    21.340
     761   427.719     1502.0    21.350
     762   428.283     1540.0    21.410
     763   428.859     1458.0    21.430
     764   429.401     1438.0    21.430
     765   429.969     1500.0    21.500
     766   430.523     1470.0    21.530
     767   431.083     1452.0    21.530
     768   431.647     1502.0    21.570
     769   432.207     1498.0    21.590
     770   432.778     1470.0    21.590
     771   433.329     1448.0    21.690
     772   433.900     1436.0    21.730
     773   434.450     1416.0    21.730
     774   435.023     1398.0    21.730
     775   435.572     1450.0    21.740
     776   436.134     1492.0    21.800
     777   436.696     1488.0    21.820
     778   437.257     1472.0    21.820
     779   437.837     1540.0    21.910
     780   438.388     1448.0    21.940
     781   438.944     1428.0    21.940
     782   439.499     1410.0    21.940
     783   440.061     1500.0    22.010
     784   440.622     1510.0    22.040
     785   441.182     1486.0    22.040
     786   441.744     1480.0    22.040
     787   442.305     1554.0    22.150
     788   442.879     1450.0    22.180
     789   443.425     1430.0    22.180
     790   443.987     1414.0    22.180
     791   444.547     1458.0    22.190
     792   445.111     1492.0    22.230
     793   445.671     1502.0    22.250
     794   446.234     1520.0    22.270
     795   446.817     1558.0    22.330
     796   447.356     1550.0    22.360
     797   447.920     1524.0    22.360
     798   448.477     1522.0    22.440
     799   449.037     1458.0    22.470
     800   449.598     1440.0    22.470
     801   450.160     1420.0    22.470
     802   450.721     1520.0    22.550
     803   451.281     1500.0    22.590
     804   451.857     1474.0    22.590
     805   452.403     1454.0    22.590
     806   452.963     1544.0    22.680
     807   453.523     1452.0    22.710
     808   454.083     1432.0    22.710
     809   454.644     1414.0    22.710
     810   455.205     1464.0    22.720
     811   455.781     1502.0    22.780
     812   456.329     1502.0    22.800
     813   456.902     1484.0    22.800
     814   457.452     1554.0    22.880
     815   458.013     1442.0    22.910
     816   458.572     1424.0    22.910
     817   459.132     1412.0    22.910
     818   459.695     1508.0    23.000
     819   460.256     1504.0    23.030
     820   460.831     1480.0    23.030
     821   461.374     1460.0    23.030
     822   461.943     1552.0    23.110
     823   462.498     1456.0    23.140
     824   463.058     1436.0    23.140
     825   463.618     1416.0    23.140
     826   464.182     1518.0    23.230
     827   464.745     1514.0    23.270
     828   465.301     1488.0    23.270
     829   465.875     1466.0    23.270
     830   466.423     1512.0    23.280
     831   466.985     1546.0    23.330
     832   467.546     1506.0    23.350
     833   468.106     1504.0    23.360
     834   468.672     1530.0    23.430
     835   469.231     1512.0    23.450
     836   469.811     1488.0    23.450
     837   470.368     1544.0    23.500
     838   470.920     1478.0    23.530
     839   471.477     1460.0    23.530
     840   472.039     1534.0    23.600
     841   472.598     1526.0    23.630
     842   473.161     1498.0    23.630
     843   473.721     1518.0    23.630
     844   474.284     1578.0    23.740
     845   474.859     1480.0    23.770
     846   475.405     1460.0    23.770
     847   475.965     1442.0    23.770
     848   476.527     1504.0    23.800
     849   477.087     1516.0    23.820
     850   477.649     1518.0    23.840
     851   478.211     1562.0    23.890
     852   478.787     1558.0    23.900
     853   479.335     1570.0    23.920
     854   479.906     1304.0    23.990
     855   480.458     1328.0    24.010
     856   481.019     1314.0    24.010
     857   481.579     1372.0    24.070
     858   482.140     1378.0    24.090
     859   482.700     1354.0    24.090
     860   483.263     1434.0    24.150
     861   483.842     1430.0    24.180
     862   484.380     1406.0    24.180
     863   484.952     1466.0    24.230
     864   485.506     1464.0    24.250
     865   486.069     1442.0    24.250
     866   486.633     1472.0    24.360
     867   487.189     1434.0    24.400
     868   487.754     1398.0    24.400
     869   488.307     1376.0    24.400
     870   488.885     1440.0    24.410
     871   489.428     1460.0    24.440
     872   489.991     1462.0    24.460
     873   490.554     1482.0    24.490
     874   491.116     1494.0    24.530
     875   491.679     1480.0    24.540
     876   492.240     1438.0    24.620
     877   492.821     1424.0    24.640
     878   493.361     1402.0    24.640
     879   493.928     1420.0    24.650
     880   494.485     1468.0    24.710
     881   495.044     1464.0    24.730
     882   495.605     1440.0    24.730
     883   496.168     1518.0    24.820
     884   496.727     1408.0    24.850
     885   497.286     1386.0    24.850
     886   497.865     1370.0    24.850
     887   498.410     1470.0    24.940
     888   498.969     1442.0    24.970
     889   499.531     1418.0    24.970
     890   500.089     1398.0    24.970
     891   500.653     1474.0    25.020
     892   501.214     1476.0    25.050
     893   501.794     1450.0    25.050
     894   502.359     1524.0    25.120
     895   502.903     1418.0    25.160
     896   503.454     1398.0    25.160
     897   504.019     1392.0    25.160
     898   504.580     1488.0    25.260
     899   505.140     1342.0    25.290
     900   505.700     1322.0    25.290
     901   506.261     1304.0    25.290
     902   506.839     1376.0    25.330
     903   507.382     1386.0    25.360
     904   507.948     1364.0    25.360
     905   508.505     1428.0    25.420
     906   509.066     1356.0    25.450
     907   509.624     1336.0    25.450
     908   510.189     1362.0    25.460
     909   510.757     1416.0    25.530
     910   511.312     1416.0    25.560
     911   511.886     1392.0    25.560
     912   512.431     1448.0    25.610
     913   512.994     1386.0    25.630
     914   513.552     1360.0    25.630
     915   514.116     1408.0    25.700
     916   514.673     1376.0    25.730
     917   515.235     1354.0    25.730
     918   515.817     1408.0    25.770
     919   516.358     1410.0    25.800
     920   516.924     1388.0    25.800
     921   517.479     1450.0    25.860
     922   518.038     1400.0    25.890
     923   518.599     1376.0    25.890
     924   519.162     1450.0    25.970
     925   519.720     1390.0    25.990
     926   520.285     1368.0    25.990
     927   520.857     1362.0    25.990
     928   521.403     1458.0    26.090
     929   521.964     1396.0    26.120
     930   522.524     1374.0    26.120
     931   523.083     1356.0    26.120
     932   523.644     1426.0    26.160
     933   524.204     1434.0    26.190
     934   524.778     1418.0    26.190
     935   525.327     1490.0    26.270
     936   525.904     1450.0    26.300
     937   526.453     1424.0    26.300
     938   527.011     1450.0    26.300
     939   527.574     1498.0    26.370
     940   528.131     1482.0    26.400
     941   528.691     1454.0    26.400
     942   529.253     1510.0    26.450
     943   529.829     1408.0    26.470
     944   530.373     1388.0    26.470
     945   530.940     1460.0    26.540
     946   531.495     1446.0    26.570
     947   532.057     1422.0    26.570
     948   532.618     1474.0    26.610
     949   533.178     1458.0    26.640
     950   533.740     1442.0    26.640
     951   534.325     1508.0    26.740
     952   534.876     1418.0    26.790
     953   535.421     1398.0    26.790
     954   535.979     1374.0    26.790
     955   536.540     1374.0    26.790
     956   537.104     1470.0    26.860
     957   537.664     1470.0    26.890
     958   538.225     1442.0    26.890
     959   538.808     1420.0    26.890
     960   539.348     1484.0    26.990
     961   539.921     1436.0    27.030
     962   540.467     1414.0    27.030
     963   541.316     1396.0    27.030
     964   541.895     1486.0    27.110
     965   542.445     1440.0    27.140
     966   542.997     1414.0    27.140
     967   543.559     1392.0    27.140
     968   544.121     1474.0    27.190
     969   544.682     1438.0    27.220
     970   545.241     1412.0    27.220
     971   545.830     1462.0    27.260
     972   546.364     1462.0    27.280
     973   546.941     1464.0    27.290
     974   547.492     1498.0    27.370
     975   548.047     1408.0    27.400
     976   548.607     1386.0    27.400
     977   549.168     1430.0    27.430
     978   549.733     1432.0    27.450
     979   550.313     1458.0    27.480
     980   550.871     1438.0    27.500
     981   551.419     1450.0    27.530
     982   551.979     1462.0    27.560
     983   552.541     1468.0    27.580
     984   553.101     1460.0    27.620
     985   553.664     1446.0    27.640
     986   554.225     1460.0    27.670
     987   554.811     1470.0    27.700
     988   555.348     1458.0    27.730
     989   555.919     1452.0    27.750
     990   556.476     1468.0    27.790
     991   557.036     1448.0    27.810
     992   557.596     1458.0    27.830
     993   558.160     1476.0    27.890
     994   558.719     1398.0    27.910
     995   559.280     1374.0    27.910
     996   559.858     1458.0    28.000
     997   560.402     1430.0    28.040
     998   560.965     1404.0    28.040
     999   561.522     1384.0    28.040
    1000   562.092     1486.0    28.120
    1001   562.645     1416.0    28.160
    1002   563.206     1392.0    28.160
    1003   563.777     1372.0    28.160
    1004   564.327     1446.0    28.200
    1005   564.899     1398.0    28.230
    1006   565.448     1376.0    28.230
    1007   566.011     1458.0    28.300
    1008   566.570     1434.0    28.330
    1009   567.127     1408.0    28.330
    1010   567.690     1398.0    28.330
    1011   568.253     1494.0    28.420
    1012   568.830     1420.0    28.460
    1013   569.374     1388.0    28.460
    1014   569.939     1368.0    28.460
    1015   570.497     1450.0    28.540
    1016   571.057     1432.0    28.570
    1017   571.617     1406.0    28.570
    1018   572.177     1386.0    28.570
    1019   572.740     1462.0    28.620
    1020   573.300     1464.0    28.640
    1021   573.870     1438.0    28.640
    1022   574.430     1494.0    28.710
    1023   574.983     1460.0    28.750
    1024   575.543     1434.0    28.750
    1025   576.105     1462.0    28.760
    1026   576.666     1488.0    28.800
    1027   577.228     1480.0    28.810
    1028   577.813     1508.0    28.860
    1029   578.348     1476.0    28.880
    1030   578.924     1466.0    28.880
    1031   579.470     1504.0    28.990
    1032   580.033     1434.0    29.020
    1033   580.593     1412.0    29.020
    1034   581.154     1392.0    29.020
    1035   581.715     1464.0    29.060
    1036   582.287     1468.0    29.080
    1037   582.853     1450.0    29.080
    1038   583.398     1544.0    29.200
    1039   583.958     1444.0    29.230
    1040   584.519     1420.0    29.230
    1041   585.079     1400.0    29.230
    1042   585.640     1418.0    29.230
    1043   586.202     1506.0    29.320
    1044   586.775     1502.0    29.350
    1045   587.320     1480.0    29.350
    1046   587.896     1474.0    29.350
    1047   588.447     1544.0    29.420
    1048   589.005     1478.0    29.450
    1049   589.567     1446.0    29.450
    1050   590.127     1426.0    29.450
    1051   590.690     1534.0    29.540
    1052   591.249     1472.0    29.570
    1053   591.825     1440.0    29.570
    1054   592.370     1416.0    29.570
    1055   592.938     1526.0    29.650
    1056   593.492     1484.0    29.680
    1057   594.052     1456.0    29.680
    1058   594.615     1438.0    29.680
    1059   595.396     1510.0    29.860
    1060   595.956     1464.0    29.900
    1061   596.517     1436.0    29.900
    1062   597.077     1414.0    29.900
    1063   597.636     1396.0    29.900
    1064   598.196     1384.0    29.900
    1065   598.766     1420.0    29.900
    1066   599.320     1502.0    29.950
    1067   599.890     1500.0    29.970
    1068   600.442     1476.0    29.970
    1069   601.004     1538.0    30.020
    1070   601.564     1490.0    30.050
    1071   602.124     1468.0    30.050
    1072   602.687     1542.0    30.130
    1073   603.248     1472.0    30.160
    1074   603.828     1442.0    30.160
    1075   604.367     1428.0    30.160
    1076   604.935     1536.0    30.280
    1077   605.494     1468.0    30.320
    1078   606.052     1442.0    30.320
    1079   606.612     1420.0    30.320
    1080   607.173     1400.0    30.320
    1081   607.737     1500.0    30.380
    1082   608.301     1498.0    30.410
    1083   608.865     1470.0    30.410
    1084   609.421     1502.0    30.420
    1085   609.982     1530.0    30.460
    1086   610.540     1512.0    30.480
    1087   611.102     1518.0    30.500
    1088   611.664     1552.0    30.550
    1089   612.227     1518.0    30.570
    1090   612.807     1502.0    30.570
    1091   613.350     1538.0    30.670
    1092   613.927     1476.0    30.700
    1093   614.473     1450.0    30.700
    1094   615.034     1428.0    30.700
    1095   615.595     1528.0    30.780
    1096   616.156     1508.0    30.810
    1097   616.715     1480.0    30.810
    1098   617.277     1458.0    30.810
    1099   617.856     1562.0    30.900
    1100   618.399     1524.0    30.940
    1101   618.958     1492.0    30.940
    1102   619.519     1468.0    30.940
    1103   620.079     1516.0    30.950
    1104   620.643     1552.0    31.010
    1105   621.205     1540.0    31.020
    1106   621.783     1516.0    31.020
    1107   622.351     1596.0    31.140
    1108   622.898     1522.0    31.190
    1109   623.447     1492.0    31.190
    1110   624.009     1470.0    31.190
    1111   624.570     1450.0    31.190
    1112   625.131     1546.0    31.240
    1113   625.692     1550.0    31.270
    1114   626.252     1522.0    31.270
    1115   626.831     1580.0    31.310
    1116   627.376     1570.0    31.340
    1117   627.940     1540.0    31.340
    1118   628.499     1602.0    31.410
    1119   629.058     1552.0    31.440
    1120   629.620     1522.0    31.440
    1121   630.182     1538.0    31.440
    1122   630.749     1618.0    31.540
    1123   631.306     1576.0    31.570
    1124   631.881     1544.0    31.570
    1125   632.425     1518.0    31.570
    1126   632.988     1612.0    31.640
    1127   633.549     1590.0    31.670
    1128   634.108     1558.0    31.670
    1129   634.670     1548.0    31.670
    1130   635.232     1644.0    31.770
    1131   635.812     1588.0    31.810
    1132   636.354     1556.0    31.810
    1133   636.920     1530.0    31.810
    1134   637.476     1572.0    31.810
    1135   638.039     1636.0    31.900
    1136   638.598     1606.0    31.920
    1137   639.159     1574.0    31.920
    1138   639.721     1570.0    31.920
    1139   640.285     1674.0    32.040
    1140   640.858     1634.0    32.070
    1141   641.406     1598.0    32.070
    1142   641.962     1572.0    32.070
    1143   642.524     1570.0    32.070
    1144   643.085     1690.0    32.170
    1145   643.646     1654.0    32.210
    1146   644.206     1612.0    32.210
    1147   644.777     1582.0    32.210
    1148   645.328     1638.0    32.220
    1149   645.905     1654.0    32.240
    1150   646.461     1678.0    32.280
    1151   647.010     1674.0    32.300
    1152   647.572     1680.0    32.310
    1153   648.134     1736.0    32.410
    1154   648.694     1696.0    32.430
    1155   649.252     1654.0    32.430
    1156   649.838     1628.0    32.430
    1157   650.378     1738.0    32.510
    1158   650.941     1718.0    32.540
    1159   651.505     1680.0    32.540
    1160   652.059     1706.0    32.540
    1161   652.620     1762.0    32.620
    1162   653.178     1734.0    32.640
    1163   654.204     1714.0    32.640
    1164   654.778     1792.0    32.740
    1165   655.328     1758.0    32.770
    1166   655.901     1718.0    32.770
    1167   656.450     1686.0    32.770
    1168   657.011     1788.0    32.830
    1169   657.567     1772.0    32.860
    1170   658.130     1734.0    32.860
    1171   658.691     1764.0    32.880
    1172   659.255     1794.0    32.920
    1173   659.829     1782.0    32.930
    1174   660.376     1820.0    32.990
    1175   660.941     1794.0    33.010
    1176   661.499     1772.0    33.010
    1177   662.060     1864.0    33.110
    1178   662.620     1820.0    33.140
    1179   663.179     1778.0    33.140
    1180   663.743     1748.0    33.140
    1181   664.304     1830.0    33.190
    1182   664.873     1826.0    33.210
    1183   665.424     1790.0    33.210
    1184   665.988     1878.0    33.280
    1185   666.561     1854.0    33.310
    1186   667.106     1814.0    33.310
    1187   667.668     1838.0    33.320
    1188   668.230     1900.0    33.390
    1189   668.811     1872.0    33.410
    1190   669.353     1834.0    33.410
    1191   669.922     1906.0    33.470
    1192   670.490     1882.0    33.490
    1193   671.034     1842.0    33.490
    1194   671.596     1926.0    33.560
    1195   672.158     1894.0    33.590
    1196   672.717     1852.0    33.590
    1197   673.279     1876.0    33.600
    1198   673.856     1938.0    33.680
    1199   674.404     1914.0    33.700
    1200   674.961     1872.0    33.700
    1201   675.524     1908.0    33.720
    1202   676.086     1940.0    33.760
    1203   676.645     1924.0    33.780
    1204   677.208     1932.0    33.800
    1205   677.784     1972.0    33.860
    1206   678.346     1942.0    33.890
    1207   678.905     1900.0    33.890
    1208   679.453     1996.0    33.970
    1209   680.011     1964.0    34.000
    1210   680.574     1920.0    34.000
    1211   681.133     1886.0    34.000
    1212   681.697     2008.0    34.080
    1213   682.258     1980.0    34.110
    1214   682.844     1934.0    34.110
    1215   683.377     1902.0    34.110
    1216   683.943     2034.0    34.210
    1217   684.500     2002.0    34.240
    1218   685.061     1956.0    34.240
    1219   685.619     1922.0    34.240
    1220   686.182     1978.0    34.260
    1221   686.745     1996.0    34.290
    1222   687.304     1994.0    34.300
    1223   687.875     2054.0    34.370
    1224   688.426     2030.0    34.390
    1225   688.989     1988.0    34.390
    1226   689.552     2070.0    34.450
    1227   690.110     2050.0    34.480
    1228   690.669     2006.0    34.480
    1229   691.232     2106.0    34.550
    1230   691.816     2074.0    34.580
    1231   692.352     2028.0    34.580
    1232   692.927     2008.0    34.580
    1233   693.473     2134.0    34.670
    1234   694.035     2102.0    34.700
    1235   694.593     2056.0    34.700
    1236   695.155     2020.0    34.700
    1237   695.716     2158.0    34.790
    1238   696.277     2134.0    34.820
    1239   696.853     2088.0    34.820
    1240   697.396     2048.0    34.820
    1241   697.959     2150.0    34.870
    1242   698.516     2140.0    34.890
    1243   699.078     2098.0    34.890
    1244   699.640     2202.0    34.970
    1245   700.200     2176.0    35.000
    1246   700.767     2128.0    35.000
    1247   701.322     2158.0    35.010
    1248   701.894     2192.0    35.050
    1249   702.448     2180.0    35.060
    1250   703.006     2226.0    35.110
    1251   703.568     2192.0    35.130
    1252   704.128     2170.0    35.130
    1253   704.689     2292.0    35.240
    1254   705.252     2248.0    35.270
    1255   705.831     2206.0    35.270
    1256   706.370     2174.0    35.270
    1257   706.938     2252.0    35.310
    1258   707.495     2244.0    35.340
    1259   708.052     2202.0    35.340
    1260   708.613     2322.0    35.420
    1261   709.174     2286.0    35.440
    1262   709.734     2236.0    35.440
    1263   710.311     2252.0    35.450
    1264   710.872     2342.0    35.520
    1265   711.417     2310.0    35.550
    1266   711.976     2262.0    35.550
    1267   712.538     2348.0    35.600
    1268   713.100     2326.0    35.620
    1269   713.779     2300.0    35.620
    1270   714.328     2388.0    35.690
    1271   714.900     2352.0    35.720
    1272   715.448     2300.0    35.720
    1273   716.009     2406.0    35.780
    1274   716.569     2378.0    35.810
    1275   717.129     2326.0    35.810
    1276   717.691     2348.0    35.810
    1277   718.256     2464.0    35.920
    1278   718.833     2414.0    35.950
    1279   719.375     2358.0    35.950
    1280   719.939     2318.0    35.950
    1281   720.495     2406.0    35.980
    1282   721.057     2404.0    36.000
    1283   721.619     2410.0    36.020
    1284   722.179     2458.0    36.070
    1285   722.745     2432.0    36.080
    1286   723.304     2442.0    36.100
    1287   723.879     2510.0    36.170
    1288   724.425     2476.0    36.200
    1289   724.985     2422.0    36.200
    1290   725.544     2512.0    36.250
    1291   726.106     2486.0    36.270
    1292   726.666     2438.0    36.270
    1293   727.227     2562.0    36.350
    1294   727.814     2524.0    36.380
    1295   728.348     2466.0    36.380
    1296   728.918     2492.0    36.380
    1297   729.470     2574.0    36.450
    1298   730.037     2540.0    36.470
    1299   730.607     2486.0    36.470
    1300   731.153     2582.0    36.520
    1301   731.713     2552.0    36.550
    1302   732.275     2500.0    36.550
    1303   732.859     2620.0    36.630
    1304   733.396     2578.0    36.660
    1305   733.956     2518.0    36.660
    1306   734.518     2482.0    36.660
    1307   735.079     2638.0    36.750
    1308   735.638     2604.0    36.780
    1309   736.198     2546.0    36.780
    1310   736.768     2520.0    36.780
    1311   737.321     2692.0    36.870
    1312   737.893     2646.0    36.900
    1313   738.440     2586.0    36.900
    1314   739.000     2538.0    36.900
    1315   739.562     2658.0    36.940
    1316   740.121     2646.0    36.970
    1317   740.683     2602.0    36.970
    1318   741.245     2742.0    37.040
    1319   741.823     2710.0    37.070
    1320   742.381     2648.0    37.070
    1321   742.930     2674.0    37.080
    1322   743.487     2774.0    37.150
    1323   744.047     2740.0    37.170
    1324   744.608     2682.0    37.170
    1325   745.168     2800.0    37.230
    1326   745.729     2774.0    37.250
    1327   746.291     2718.0    37.250
    1328   746.870     2868.0    37.330
    1329   747.412     2832.0    37.360
    1330   747.969     2766.0    37.360
    1331   748.533     2728.0    37.360
    1332   749.096     2966.0    37.480
    1333   749.656     2898.0    37.520
    1334   750.214     2826.0    37.520
    1335   750.790     2772.0    37.520
    1336   751.334     2728.0    37.520
    1337   751.906     2914.0    37.570
    1338   752.455     2916.0    37.610
    1339   753.014     2852.0    37.610
    1340   753.578     2894.0    37.620
    1341   754.140     2950.0    37.660
    1342   754.700     2932.0    37.670
    1343   755.260     3004.0    37.720
    1344   755.838     2976.0    37.740
    1345   756.383     3012.0    37.760
    1346   756.948     3048.0    37.800
    1347   757.508     3016.0    37.820
    1348   758.070     3020.0    37.840
    1349   758.632     3092.0    37.890
    1350   759.193     3054.0    37.910
    1351   759.758     3076.0    37.930
    1352   760.316     3112.0    37.960
    1353   760.889     3122.0    37.990
    1354   761.438     3126.0    38.010
    1355   761.999     3178.0    38.060
    1356   762.560     3140.0    38.080
    1357   763.123     3146.0    38.090
    1358   763.687     3244.0    38.160
    1359   764.245     3196.0    38.180
    1360   764.823     3124.0    38.180
    1361   765.369     3260.0    38.230
    1362   765.932     3234.0    38.250
    1363   766.487     3176.0    38.250
    1364   767.053     3406.0    38.370
    1365   767.612     3322.0    38.400
    1366   768.171     3232.0    38.400
    1367   768.731     3168.0    38.400
    1368   769.292     3182.0    38.400
    1369   769.870     3410.0    38.490
    1370   770.413     3378.0    38.520
    1371   770.973     3296.0    38.520
    1372   771.535     3244.0    38.520
    1373   772.095     3474.0    38.590
    1374   772.656     3434.0    38.620
    1375   773.215     3356.0    38.620
    1376   773.794     3390.0    38.630
    1377   774.359     3466.0    38.670
    1378   774.906     3448.0    38.680
    1379   775.459     3532.0    38.730
    1380   776.022     3496.0    38.750
    1381   776.582     3528.0    38.770
    1382   777.145     3576.0    38.810
    1383   777.704     3542.0    38.820
    1384   778.267     3626.0    38.870
    1385   778.845     3586.0    38.890
    1386   779.392     3622.0    38.910
    1387   779.954     3670.0    38.950
    1388   780.512     3632.0    38.970
    1389   781.076     3634.0    38.980
    1390   781.637     3804.0    39.070
    1391   782.195     3726.0    39.100
    1392   782.756     3636.0    39.100
    1393   783.316     3574.0    39.100
    1394   783.892     3896.0    39.210
    1395   784.440     3816.0    39.240
    1396   785.000     3718.0    39.240
    1397   785.559     3646.0    39.240
    1398   786.121     3660.0    39.240
    1399   786.682     3926.0    39.330
    1400   787.243     3882.0    39.360
    1401   787.827     3792.0    39.360
    1402   788.363     3732.0    39.360
    1403   788.930     4004.0    39.430
    1404   789.485     3958.0    39.460
    1405   790.044     3858.0    39.460
    1406   790.606     3808.0    39.460
    1407   791.172     4104.0    39.550
    1408   791.729     4030.0    39.580
    1409   792.289     3930.0    39.580
    1410   792.864     3858.0    39.580
    1411   793.420     4158.0    39.660
    1412   793.969     4114.0    39.700
    1413   794.529     4010.0    39.700
    1414   795.090     3940.0    39.700
    1415   795.651     4170.0    39.750
    1416   796.210     4154.0    39.770
    1417   796.790     4060.0    39.770
    1418   797.331     4290.0    39.840
    1419   797.907     4236.0    39.870
    1420   798.454     4134.0    39.870
    1421   799.013     4304.0    39.910
    1422   799.572     4278.0    39.940
    1423   800.132     4190.0    39.940
    1424   800.697     4432.0    40.010
    1425   801.254     4368.0    40.040
    1426   801.838     4262.0    40.040
    1427   802.373     4408.0    40.070
    1428   802.944     4398.0    40.100
    1429   803.498     4386.0    40.110
    1430   804.056     4500.0    40.150
    1431   804.619     4474.0    40.170
    1432   805.178     4518.0    40.200
    1433   805.741     4554.0    40.230
    1434   806.321     4560.0    40.260
    1435   806.878     4562.0    40.280
    1436   807.423     4644.0    40.320
    1437   807.983     4606.0    40.340
    1438   808.545     4630.0    40.360
    1439   809.107     4772.0    40.420
    1440   809.667     4696.0    40.440
    1441   810.226     4586.0    40.440
    1442   810.816     4898.0    40.520
    1443   811.348     4796.0    40.560
    1444   811.914     4672.0    40.560
    1445   812.469     4582.0    40.560
    1446   813.031     4974.0    40.640
    1447   813.590     4906.0    40.680
    1448   814.150     4782.0    40.680
    1449   814.709     4690.0    40.680
    1450   815.270     4966.0    40.720
    1451   815.854     4960.0    40.750
    1452   816.391     4864.0    40.750
    1453   816.951     5160.0    40.820
    1454   817.512     5088.0    40.850
    1455   818.072     4960.0    40.850
    1456   818.632     5022.0    40.860
    1457   819.195     5276.0    40.940
    1458   819.755     5200.0    40.960
    1459   820.314     5070.0    40.960
    1460   820.883     5166.0    40.980
    1461   821.436     5316.0    41.030
    1462   821.996     5270.0    41.040
    1463   822.557     5244.0    41.050
    1464   823.119     5558.0    41.150
    1465   823.679     5440.0    41.170
    1466   824.238     5296.0    41.170
    1467   824.818     5198.0    41.170
    1468   825.361     5626.0    41.250
    1469   825.928     5572.0    41.280
    1470   826.479     5438.0    41.280
    1471   827.040     5358.0    41.280
    1472   827.600     5930.0    41.400
    1473   828.162     5778.0    41.440
    1474   828.720     5612.0    41.440
    1475   829.284     5492.0    41.440
    1476   829.860     5396.0    41.440
    1477   830.413     5850.0    41.500
    1478   830.962     5880.0    41.530
    1479   831.523     5734.0    41.530
    1480   832.082     5656.0    41.530
    1481   832.644     6178.0    41.630
    1482   833.203     6096.0    41.660
    1483   834.130     5856.0    41.660
    1484   834.693     5950.0    41.670
    1485   835.255     6144.0    41.710
    1486   835.837     6142.0    41.720
    1487   836.375     6342.0    41.780
    1488   836.939     6300.0    41.800
    1489   837.496     6148.0    41.800
    1490   838.058     6598.0    41.880
    1491   838.618     6512.0    41.910
    1492   839.176     6336.0    41.910
    1493   839.739     6266.0    41.910
    1494   840.299     6706.0    41.990
    1495   840.873     6666.0    42.010
    1496   841.418     6494.0    42.010
    1497   841.980     6684.0    42.040
    1498   842.540     6758.0    42.070
    1499   843.103     6746.0    42.090
    1500   843.661     6880.0    42.120
    1501   844.226     6972.0    42.160
    1502   844.804     6930.0    42.170
    1503   845.346     7104.0    42.220
    1504   845.912     7058.0    42.230
    1505   846.469     7102.0    42.260
    1506   847.029     7230.0    42.290
    1507   847.591     7288.0    42.320
    1508   848.155     7306.0    42.350
    1509   848.713     7306.0    42.370
    1510   849.277     7466.0    42.400
    1511   849.851     7574.0    42.440
    1512   850.399     7530.0    42.460
    1513   850.958     7514.0    42.480
    1514   851.521     7758.0    42.530
    1515   852.085     7704.0    42.540
    1516   852.654     7714.0    42.560
    1517   853.204     8072.0    42.630
    1518   853.775     7980.0    42.650
    1519   854.344     7774.0    42.650
    1520   854.901     8136.0    42.700
    1521   855.450     8148.0    42.730
    1522   856.003     7956.0    42.730
    1523   856.566     8432.0    42.800
    1524   857.128     8388.0    42.830
    1525   857.684     8174.0    42.830
    1526   858.243     8214.0    42.830
    1527   858.828     8892.0    42.940
    1528   859.366     8792.0    42.970
    1529   859.930     8552.0    42.970
    1530   860.483     8370.0    42.970
    1531   861.046     8424.0    42.970
    1532   861.608     9204.0    43.070
    1533   862.165     9132.0    43.100
    1534   862.725     8896.0    43.100
    1535   863.286     8712.0    43.100
    1536   863.867     9124.0    43.140
    1537   864.407     9236.0    43.160
    1538   864.969     9208.0    43.180
    1539   865.528     9522.0    43.220
    1540   866.090     9498.0    43.240
    1541   866.653     9646.0    43.270
    1542   867.211     9756.0    43.310
    1543   867.793     9714.0    43.320
    1544   868.336     9920.0    43.350
    1545   868.907    10166.0    43.400
    1546   869.456    10108.0    43.420
    1547   870.015     9896.0    43.420
    1548   870.579    10570.0    43.500
    1549   871.136    10504.0    43.530
    1550   871.698    10236.0    43.530
    1551   872.257    10262.0    43.540
    1552   872.835    10862.0    43.600
    1553   873.379    10838.0    43.630
    1554   873.946    10576.0    43.630
    1555   874.500    11078.0    43.680
    1556   875.058    11100.0    43.700
    1557   875.620    10862.0    43.700
    1558   876.181    11634.0    43.780
    1559   876.746    11552.0    43.810
    1560   877.303    11264.0    43.810
    1561   877.877    11308.0    43.810
    1562   878.433    12294.0    43.920
    1563   878.985    12180.0    43.950
    1564   879.543    11854.0    43.950
    1565   880.103    11612.0    43.950
    1566   880.668    12154.0    43.990
    1567   881.227    12276.0    44.010
    1568   881.804    12018.0    44.010
    1569   882.347    13112.0    44.110
    1570   882.916    13006.0    44.140
    1571   883.466    12676.0    44.140
    1572   884.027    12422.0    44.140
    1573   884.588    13248.0    44.190
    1574   885.147    13332.0    44.220
    1575   885.707    13016.0    44.220
    1576   886.274    13546.0    44.260
    1577   886.842    13612.0    44.280
    1578   887.390    13588.0    44.300
    1579   887.953    14042.0    44.340
    1580   888.511    14008.0    44.360
    1581   889.075    14234.0    44.390
    1582   889.633    14426.0    44.420
    1583   890.196    14512.0    44.440
    1584   890.766    14946.0    44.490
    1585   891.317    14880.0    44.510
    1586   891.950    14612.0    44.510
    1587   892.511    15920.0    44.620
    1588   893.070    15748.0    44.660
    1589   893.631    15356.0    44.660
    1590   894.190    15054.0    44.660
    1591   894.757    15334.0    44.660
    1592   895.314    16450.0    44.750
    1593   895.886    16380.0    44.770
    1594   896.432    16012.0    44.770
    1595   896.994    15862.0    44.770
    1596   897.554    17458.0    44.880
    1597   898.114    17352.0    44.920
    1598   898.673    16936.0    44.920
    1599   899.234    16616.0    44.920
    1600   899.816    16482.0    44.920
    1601   900.352    18230.0    45.010
    1602   900.918    18220.0    45.050
    1603   901.471    17798.0    45.050
    1604   902.031    17466.0    45.050
    1605   902.591    17860.0    45.060
    1606   903.153    18556.0    45.100
    1607   903.714    18620.0    45.120
    1608   904.277    18810.0    45.150
    1609   904.851    19050.0    45.170
    1610   905.399    19680.0    45.230
    1611   905.956    19636.0    45.250
    1612   906.519    19276.0    45.250
